ADDA,20210917,-36,-13,-90,-13,0
ADDC,20210917,15,15,-87,-45,0
ADDE,20210917,-538,-538,-1733,-1733,0
ADDN,20210917,110,110,-889,-621,0
ADDQ,20210917,244,244,-734,209,0
ADDS,20210917,-356,-356,-665,-583,0
ADDT,20210917,318,318,-1650,-425,0
ADDU,20210917,-23,-23,-1074,-929,0
ADDV,20210917,30,30,-197,-125,0
ADDX,20210917,-311,-311,-937,-753,0
ADRA,20210917,0.65,0.87,0.36,0.87,0
ADRC,20210917,1.17,1.17,0.57,0.77,0
ADRE,20210917,0.45,0.46,0.15,0.19,0
ADRN,20210917,1.11,1.11,0.4,0.53,0
ADRQ,20210917,1.18,1.18,0.61,1.13,0
ADRS,20210917,0.43,0.5,0.34,0.5,0
ADRT,20210917,1.13,1.13,0.52,0.85,0
ADRU,20210917,0.97,0.97,0.62,0.66,0
ADRV,20210917,1.14,1.14,0.61,0.75,0
ADRX,20210917,0.66,0.66,0.46,0.59,0
ADVA,20210917,69,93,52,92,115557900
ADVC,20210917,101,154,99,154,31824600
ADVE,20210917,458,499,305,415,566080800
ADVN,20210917,1034,1034,594,725,2280999000
ADVQ,20210917,1552,1719,1167,1719,3207806000
ADVS,20210917,277,586,277,586,242698200
ADVT,20210917,2655,2655,1834,2536,5604363000
ADVU,20210917,824,1910,824,1881,6345845000
ADVV,20210917,231,379,228,379,63376500
ADVX,20210917,609,1119,609,1119,337899300
AEX,20210917,803.67,804.47,788.03,789.49,0
AMX,20210917,1096.36,1102.14,1089.38,1089.38,0
AORD,20210917,7759.8,7759.8,7677.4,7702.9,0
ASHD,20210917,914,1837,377,1745,0
ASHF,20210917,-473,-175,-1456,-1301,0
ASHR,20210917,0.48,0.61,0.2,0.25,0
ASHU,20210917,441,540,194,444,0
ATX,20210917,3650.59,3674.12,3595.85,3605.76,0
AVDA,20210917,5.03,90.43,-292.74,-292.74,0
AVDC,20210917,0.81,3.32,-14.24,-11.22,0
AVDE,20210917,-0.86,-0.86,-741.59,-741.59,0
AVDN,20210917,5.73,30.04,-2454.28,-2454.28,0
AVDQ,20210917,23.71,323,-259.92,265.3,0
AVDS,20210917,-63.53,-63.53,-321.56,-321.43,0
AVDT,20210917,34.48,43.22,-2481.72,-2481.72,0
AVDU,20210917,-76.38,1005.66,-5109.15,-1804.99,0
AVDV,20210917,0.48,0.48,-33.76,-26.5,0
AVDX,20210917,-62.23,-62.23,-362.21,-359.16,0
AVLD,20210917,19.64,1244.77,8.06,902.66,0
AVLF,20210917,-8,10.52,-783.12,-576.75,0
AVLR,20210917,0.59,1.69,0.07,0.36,0
AVLU,20210917,11.63,497.88,6.02,325.9,0
AVRA,20210917,1.73,2.12,0.12,0.28,0
AVRC,20210917,1.39,1.69,0.68,0.73,0
AVRE,20210917,0.97,0.97,0.38,0.43,0
AVRN,20210917,1.03,1.13,0.35,0.48,0
AVRQ,20210917,1.16,1.22,0.73,1.09,0
AVRS,20210917,0.27,0.43,0.13,0.43,0
AVRT,20210917,1.11,1.11,0.53,0.69,0
AVRU,20210917,0.75,1.41,0.43,0.77,0
AVRV,20210917,1.1,1.1,0.52,0.7,0
AVRX,20210917,0.33,0.48,0.21,0.48,0
AVVA,20210917,11.88,210.33,5.1,115.55,0
AVVC,20210917,2.88,31.82,2.88,31.82,0
AVVE,20210917,29.87,566.08,29.87,566.08,0
AVVN,20210917,159.11,2282.32,159.11,2280.99,0
AVVQ,20210917,165.84,3207.8,165.84,3207.8,0
AVVS,20210917,24.27,242.73,14.84,242.69,0
AVVT,20210917,336.84,5604.36,336.84,5604.36,0
AVVU,20210917,238.76,6465.64,238.76,6345.84,0
AVVV,20210917,4.85,63.37,4.85,63.37,0
AVVX,20210917,32.01,337.89,26.27,337.89,0
AXJO,20210917,7460.2,7460.2,7376.1,7403.7,0
BANK,20210917,4458.1,4485.69,4426.27,4461.22,0
BCMA,20210917,2213,2213,1475,2053,0
BCMC,20210917,99.73,99.73,99.22,99.45,0
BCMD,20210917,1901,2861,1901,2391,0
BCME,20210917,167,237,159,237,0
BCMF,20210917,337,451,337,387,0
BCMG,20210917,56,56,30,35,0
BCMM,20210917,100.09,100.21,99.62,100.21,0
BCMU,20210917,224,224,62,68,0
BDMA,20210917,1918,1997,1918,1997,0
BDMC,20210917,99.73,99.81,99.73,99.79,0
BDMD,20210917,2343,2433,2343,2433,0
BDME,20210917,214,263,214,262,0
BDMF,20210917,318,363,318,361,0
BDMG,20210917,27,36,27,36,0
BDMM,20210917,99.98,99.98,99.97,99.98,0
BDMU,20210917,77,82,77,82,0
BEL,20210917,4174.7,4198.79,4130.57,4133.21,0
BFMA,20210917,1161,1233,1161,1233,0
BFMC,20210917,99.94,100,99.91,99.99,0
BFMD,20210917,3083,3175,3083,3175,0
BFME,20210917,217,261,217,261,0
BFMF,20210917,319,366,319,363,0
BFMG,20210917,21,33,21,33,0
BFMM,20210917,99.2,99.23,99.2,99.22,0
BFMU,20210917,94,104,94,104,0
BGMA,20210917,1075,1136,1075,1136,0
BGMC,20210917,98.33,98.52,98.33,98.49,0
BGMD,20210917,3206,3309,3206,3308,0
BGME,20210917,126,155,126,155,0
BGMF,20210917,401,464,401,463,0
BGMG,20210917,24,34,24,34,0
BGMM,20210917,98.38,98.42,98.38,98.42,0
BGMU,20210917,57,68,57,68,0
BKX,20210917,126.68,127.53,125.85,126.25,0
BTK,20210917,5910.49,5956.31,5856,5954.7,0
BUX,20210917,52331.61,52450.55,52070.38,52376.91,0
BVSP,20210917,113794,113794,111157,111439,0
BWH,20210917,263.58,264.69,261.27,262.01,0
CAC,20210917,6679.45,6697.08,6551.62,6570.19,0
CASH,20210917,1,1,1,1,0
COMP,20210917,15162.27,15166.56,14998.73,15043.97,0
CPC,20210917,0.97,0.97,0.97,0.97,0
CPCI,20210917,1.8,1.8,1.8,1.8,0
CPCS,20210917,0.65,0.65,0.65,0.65,0
CSE,20210917,1212.11,1212.5,1183.14,1205.1,0
CYM,20210917,24.12,24.15,23.91,23.92,0
DAX,20210917,15774.57,15791.9,15455.54,15490.17,0
DCFD,20210917,46.15,46.15,21.53,23.07,0
DCFI,20210917,46.15,46.15,33.84,35.38,0
DCOF,20210917,40,40,33.84,35.38,0
DCOH,20210917,52.3,52.3,44.61,44.61,0
DCSE,20210917,65321.68,65335.62,64422.72,64702.98,0
DCTH,20210917,55.38,56.92,52.3,55.38,0
DCTW,20210917,32.3,32.3,21.53,24.61,0
DECA,20210917,105,142,105,105,408300700
DECC,20210917,86,217,86,199,43054100
DECE,20210917,996,2148,996,2148,1307675000
DECN,20210917,924,1483,924,1346,4735279000
DECQ,20210917,1308,1912,1308,1510,2942503000
DECS,20210917,633,1183,633,1169,564132200
DECT,20210917,2337,3484,2337,2961,8086083000
DECU,20210917,847,2854,847,2810,8150843000
DECV,20210917,201,528,201,504,89882600
DECX,20210917,920,1907,920,1872,697068900
DIFD,20210917,43.33,50,23.33,23.33,0
DIFI,20210917,40,43.33,36.66,40,0
DIOF,20210917,46.66,50,43.33,50,0
DIOH,20210917,53.33,53.33,53.33,53.33,0
DITH,20210917,60,63.33,56.66,63.33,0
DITW,20210917,26.66,30,20,26.66,0
DJC,20210917,11416.58,11436.77,11318.13,11331.34,813022800
DJEC,20210917,2540.66,2547.91,2519.58,2534.14,0
DJI,20210917,34737.86,34779.86,34519.63,34584.88,577966300
DJT,20210917,14437.67,14491,14241.05,14267.96,129547400
DJU,20210917,915.49,920.2,902.95,903.8,105509000
DJWO,20210917,563.57,564.69,559.02,559.69,0
DLTC,20210917,4181.95,4181.95,4117.36,4123.83,0
DOWE,20210917,1964.04,1982.91,1935.25,1938.49,0
DRCI,20210917,333.98,335.22,331.22,331.6,0
DREI,20210917,466.1,467.87,462.11,462.62,0
DSAE,20210917,1462.64,1469.03,1452.34,1461.82,55237100
DSAF,20210917,1567.13,1584.43,1546.93,1549.26,9104400
DSAG,20210917,296.92,299,293.68,295.5,75312000
DSAI,20210917,1080.89,1080.89,1061.76,1063.8,23552700
DSAL,20210917,168.04,170.02,162.2,166.81,10515700
DSAM,20210917,3018.39,3047.79,3006.88,3035.27,77311000
DSAP,20210917,1116.74,1121.21,1105.36,1117.49,186266400
DSAR,20210917,196.03,198.43,192.62,194.44,72395400
DSAS,20210917,1506.11,1512.2,1492.58,1504.32,42383900
DSAT,20210917,588.35,588.35,577.15,582.31,34320500
DSAU,20210917,957.86,962.74,949.22,959.95,151945900
DSAV,20210917,746.13,748.9,738.67,743.6,23925600
DSBC,20210917,2039.65,2056.86,2030.23,2040.58,147573900
DSBD,20210917,1700.03,1700.03,1678.26,1680.34,54313800
DSBE,20210917,219.23,219.23,213.39,214.61,3368100
DSBK,20210917,557.68,562.26,555.6,557.84,383182900
DSBM,20210917,519.17,519.17,507.69,509.88,163904300
DSBS,20210917,283.38,283.38,274.67,276.9,75715100
DSBT,20210917,3011.09,3017.25,2984.57,3015.88,150797000
DSBV,20210917,898.09,898.09,886.94,887.71,71587200
DSCA,20210917,822.43,834.83,817.39,826.37,46539800
DSCC,20210917,648.21,648.21,635.68,641.01,33399800
DSCF,20210917,416.04,419.68,413.11,414.15,32057800
DSCG,20210917,1437.14,1444.78,1426.2,1430.73,280798700
DSCH,20210917,821.65,821.65,804.15,808.02,88189100
DSCM,20210917,735.88,739.15,731.43,731.6,24736200
DSCN,20210917,1292.29,1292.29,1276.4,1278.48,61235000
DSCP,20210917,524.34,524.34,513.06,514.37,35732500
DSCR,20210917,7455.94,7455.94,7310.56,7327.45,204647700
DSCS,20210917,2298.42,2298.99,2251.29,2254.17,22420300
DSCT,20210917,1623.61,1627.44,1607.36,1614.71,90909800
DSCX,20210917,1198.77,1198.77,1168.52,1171.8,54789300
DSCY,20210917,1642.33,1648.51,1633.16,1636.35,689802400
DSDB,20210917,595.17,595.17,583.36,586.31,3395800
DSDN,20210917,466.57,468.93,464.18,466.56,12853200
DSDR,20210917,951.48,953.36,945.93,948.93,59917900
DSDS,20210917,479.01,479.01,474.11,474.74,9670500
DSDT,20210917,68.97,69.34,68.25,68.27,5583900
DSDV,20210917,203.71,204.08,201.88,202.1,25852600
DSEC,20210917,531.86,531.93,522.47,525.5,34300800
DSEE,20210917,693.67,693.67,682.09,684.21,57853600
DSEH,20210917,70.45,71.25,69.02,69.5,641600
DSEN,20210917,413.46,417.26,409.1,410.12,461848000
DSES,20210917,348.17,350.09,345.66,347.72,22607000
DSEU,20210917,313.88,315.83,309.92,310.18,166981800
DSFA,20210917,897.47,897.47,883.68,886.3,69936600
DSFB,20210917,717.95,717.95,713.3,713.69,176619200
DSFC,20210917,125.11,127.02,125.11,125.34,67973500
DSFD,20210917,743.27,744.41,737.47,740.68,43665400
DSFE,20210917,954.12,954.12,938.88,940.78,56758300
DSFH,20210917,492.53,492.53,484.06,487.49,8567600
DSFI,20210917,1675.44,1684.53,1661.27,1667.71,264031100
DSFN,20210917,817.52,821.69,813.24,814.33,1177293000
DSFO,20210917,431.34,433.77,429.6,432.13,105031900
DSFP,20210917,596.83,600.19,594.42,597.91,105031900
DSFT,20210917,2880.7,2927.18,2851.02,2857.99,10772700
DSFV,20210917,926.94,932.02,921.7,924.56,0
DSGF,20210917,1877.95,1888.14,1862.07,1869.29,264031100
DSGI,20210917,567.84,567.84,560.62,562.36,65382500
DSGT,20210917,2561.54,2573.48,2549.99,2553.02,158877500
DSGU,20210917,266.68,267.75,264.6,264.6,16636700
DSHB,20210917,1459.79,1476.77,1457.39,1472.55,14406900
DSHC,20210917,1467.87,1471.97,1461.27,1470.8,563885100
DSHD,20210917,313.45,314.65,310.41,311.23,6870300
DSHG,20210917,949.55,957.9,949.55,950.81,55775600
DSHI,20210917,734.32,744.38,734.31,735.32,15032500
DSHL,20210917,84.99,86.03,84.11,84.37,12046700
DSHN,20210917,1123.7,1136.22,1123.7,1125.29,25930600
DSHP,20210917,2864.67,2894.09,2857.85,2890.34,94605400
DSHR,20210917,3184.03,3184.03,3128.73,3134.39,49289200
DSHV,20210917,759.1,766.07,751.31,757.6,6921200
DSIB,20210917,563.19,566.87,557.58,558.71,8915200
DSID,20210917,597.37,597.37,591.42,593.6,29650000
DSIF,20210917,54.31,54.93,53.68,53.71,15331800
DSIG,20210917,1135.94,1135.94,1121.85,1123.35,500884300
DSIL,20210917,917.99,930.34,910.97,912.1,82930200
DSIM,20210917,377.27,377.59,361.3,365.51,64432100
DSIN,20210917,1077.36,1077.36,1064.03,1065.38,562119300
DSIO,20210917,132.57,133.01,130.88,130.98,54181900
DSIP,20210917,1057.96,1062.1,1049.57,1050.75,95623100
DSIQ,20210917,2975.58,2975.58,2927.81,2931.82,106047500
DSIR,20210917,815.8,820.55,809.16,810.84,221740000
DSIS,20210917,964.87,964.87,950.83,952.45,146195700
DSIT,20210917,1579.99,1586.24,1558.46,1561.08,70167600
DSIU,20210917,347.95,349.74,344.86,346.49,18939400
DSIV,20210917,1125.8,1125.8,1107.27,1108.86,55077100
DSIX,20210917,784.98,788.86,778.31,780.26,138809700
DSLE,20210917,875.15,875.15,861.59,868.67,82034200
DSLG,20210917,2494.16,2519.7,2488.27,2491.42,8299900
DSLW,20210917,1596.44,1600.86,1584.52,1588.45,0
DSMC,20210917,2435.96,2457.47,2430.66,2450.37,184119600
DSME,20210917,1377,1386.97,1369.59,1376.32,190208300
DSMF,20210917,8.55,8.6,8.46,8.51,28452100
DSMG,20210917,114.89,114.89,113.13,114.45,11283000
DSMR,20210917,43.57,43.73,43.43,43.5,44648800
DSMS,20210917,1558.09,1562.36,1543.61,1546.56,12203100
DSMT,20210917,170.92,170.92,166.62,168.39,672100
DSMU,20210917,230.44,232.44,228.03,228.2,29733000
DSNC,20210917,933.06,934.65,927.87,930,588351700
DSNF,20210917,458.29,462.04,435.68,442.1,37560100
DSNG,20210917,1036.14,1041.52,1030.95,1032.29,225466000
DSNS,20210917,3881.88,3882.61,3808.25,3823.12,196707800
DSOG,20210917,463.55,468.23,459.16,460.35,232842200
DSOI,20210917,176.76,178.49,172.51,173.48,159805800
DSOL,20210917,407.02,411.34,402.55,403.2,71238800
DSOQ,20210917,271.21,273.09,266.73,267.4,224800400
DSOS,20210917,570.88,576.31,566.32,568.53,161603400
DSPB,20210917,666.82,668.02,658.5,659.95,18708700
DSPC,20210917,443.42,443.42,438.52,440,8143200
DSPG,20210917,912.71,919.84,905.76,906.89,67566800
DSPL,20210917,581.34,584.54,574.33,575.33,64994500
DSPM,20210917,123.81,123.81,121.92,123.34,11283000
DSPN,20210917,1055.74,1055.74,1045.25,1053.25,379765500
DSPR,20210917,715.04,715.04,706.66,710.83,228968500
DSRA,20210917,1211.18,1233.58,1211.18,1220.62,34447900
DSRB,20210917,3573.89,3582.98,3546.07,3551.87,37267700
DSRD,20210917,834.73,840.25,831.48,835.32,16252400
DSRE,20210917,417.95,420.06,415.19,415.6,308339300
DSRH,20210917,731.42,735.23,725.78,730.07,23248600
DSRI,20210917,170.29,171.17,169.16,169.29,285090600
DSRL,20210917,96.8,97.47,95.63,95.72,33994000
DSRN,20210917,290.58,291.43,286.22,286.37,45402200
DSRP,20210917,645.99,645.99,639.18,640.4,5000200
DSRQ,20210917,100.14,102.27,100.14,101.12,59143300
DSRR,20210917,3050.55,3060.79,3006.37,3015.33,35219800
DSRS,20210917,2876.99,2888.28,2862.91,2877.88,49708800
DSRT,20210917,2239.47,2248.63,2229.45,2232.17,218795400
DSRU,20210917,2561.53,2566.24,2540.39,2545,29794800
DSSB,20210917,1896.66,1907.57,1877.61,1887.45,52702600
DSSC,20210917,7834.07,7834.07,7718.78,7751.57,241076600
DSSD,20210917,837.57,837.57,826.66,827.56,63402900
DSSF,20210917,493.91,496.83,489.4,493.13,75919300
DSSP,20210917,607.08,608.7,599.65,599.7,31644800
DSSR,20210917,294.23,296.1,293.83,294.25,89232800
DSST,20210917,390.17,390.17,375.27,377.94,16356200
DSSV,20210917,5503.84,5506.79,5427.31,5437.76,733870200
DSSW,20210917,5715.19,5720.31,5647.39,5657.75,511309600
DSTB,20210917,750.25,750.98,744.64,745.49,20089400
DSTC,20210917,4449.62,4449.62,4384.59,4393.76,1270504000
DSTK,20210917,1386.32,1386.71,1363.84,1368.16,19001700
DSTL,20210917,163.44,164.75,163.44,163.62,107449200
DSTP,20210917,1105.22,1107.4,1096.86,1098.29,0
DSTQ,20210917,3862.58,3862.58,3801.77,3810.96,536634100
DSTS,20210917,374.65,379.85,365.5,366.43,6169400
DSTT,20210917,800.85,804.59,792.6,794.78,64625200
DSTY,20210917,1247.27,1247.88,1226.06,1238.38,77033900
DSUO,20210917,329.26,331.71,326.11,326.26,51441600
DSUT,20210917,328.69,330.87,324.85,325.09,218423500
DSVE,20210917,314.23,316.22,310.3,310.56,166981800
DSVN,20210917,486.21,486.21,481.95,482.93,4788400
DSWC,20210917,392.54,394.35,392.08,392.76,39475700
DSWU,20210917,3610.37,3635.11,3575.08,3581.88,5071900
DTCI,20210917,2201.51,2209.66,2183.3,2185.78,0
DTEI,20210917,2675.49,2685.99,2652.96,2655.84,0
DTFD,20210917,65,65,25,35,0
DTFI,20210917,50,50,20,25,0
DTFX,20210917,127.52,127.66,127.02,127.05,0
DTOF,20210917,25,25,10,20,0
DTOH,20210917,35,35,30,30,0
DTTH,20210917,40,40,40,40,0
DTTW,20210917,50,50,20,25,0
DTWC,20210917,27015.61,27043.26,26762.72,26793.95,0
DTWI,20210917,81486.73,81544.74,80944.78,81096.45,0
DTWT,20210917,23869.58,23927.48,23516,23559.56,0
DTWU,20210917,4269.48,4285.67,4205.41,4209.29,0
DUBS,20210917,98.52,98.86,97.42,97.54,0
DUFD,20210917,26.66,26.66,6.66,6.66,0
DUFI,20210917,53.33,53.33,40,40,0
DUOF,20210917,46.66,46.66,26.66,26.66,0
DUOH,20210917,73.33,73.33,46.66,46.66,0
DUSL,20210917,976.88,978.55,969.36,970.48,0
DUSM,20210917,1633.44,1638.69,1621.86,1624.94,0
DUSS,20210917,1536.23,1539.33,1523.76,1529.17,0
DUTH,20210917,66.66,73.33,60,60,0
DUTW,20210917,20,20,20,20,0
DVCA,20210917,6.85,408.3,6.85,408.3,0
DVCC,20210917,2.06,45.31,2.06,43.05,0
DVCE,20210917,30.74,1307.67,30.74,1307.67,0
DVCN,20210917,153.37,4735.27,153.37,4735.27,0
DVCQ,20210917,142.12,2942.5,142.12,2942.5,0
DVCS,20210917,87.81,564.13,87.81,564.13,0
DVCT,20210917,302.35,8086.08,302.35,8086.08,0
DVCU,20210917,315.14,9895.39,315.14,8150.84,0
DVCV,20210917,4.37,89.91,4.37,89.88,0
DVCX,20210917,94.25,697.53,94.25,697.06,0
DWCB,20210917,6540.02,6584.58,6511.17,6542.2,0
ESFD,20210917,47.77,47.77,27.38,28.66,0
ESFI,20210917,49.68,49.68,43.31,44.26,0
ESOF,20210917,53.18,53.18,48.4,49.68,0
ESOH,20210917,62.42,63.37,60.19,60.82,0
ESTH,20210917,70.06,71.01,67.83,68.47,0
ESTW,20210917,40.12,40.12,27.7,27.7,0
FBV,20210917,24.98,25,24.83,24.85,0
GMI,20210917,30.85,30.85,30.37,30.62,0
GNX,20210917,542.57,543.07,536.8,538.85,0
HGX,20210917,465.83,468.29,463.42,466.56,0
HIGA,20210917,0.01,0.01,0.01,0.01,0
HIGC,20210917,1,1,1,1,0
HIGD,20210917,0.01,0.01,0.01,0.01,0
HIGE,20210917,19,19,19,19,0
HIGN,20210917,43,43,43,43,0
HIGQ,20210917,48,48,48,48,0
HIGS,20210917,16,16,16,16,0
HIGU,20210917,128,128,128,128,0
HIGV,20210917,6,6,6,6,0
HSCE,20210917,8791.94,8940.47,8726.8,8940.47,0
HSI,20210917,24589.17,24920.76,24424.74,24920.76,0
HUI,20210917,238.91,238.91,234.96,237.63,0
HVX,20210917,145.68,145.68,143.85,144.59,0
IDX,20210917,2697.72,2701.75,2670.47,2678.06,1039105000
INDS,20210917,11149.87,11158.82,11059.14,11091.59,0
INSR,20210917,10846.47,10891.75,10788.96,10816.23,0
IQX,20210917,6251.12,6253.27,6194.24,6199.56,0
IQZ,20210917,15455.97,15487.89,15308.1,15380.81,0
IVX,20210917,1465.19,1468.12,1455.64,1457.09,0
IXB,20210917,873,873,854.37,856.94,0
IXCO,20210917,11264.02,11264.45,11091.14,11112.53,0
IXE,20210917,513.94,520.02,509.6,510.96,0
IXF,20210917,6199.71,6226.65,6162.17,6190.99,0
IXHC,20210917,1306.87,1313.36,1295.48,1312.82,0
IXI,20210917,1018.25,1018.25,1006.81,1008.4,0
IXM,20210917,463.56,465.93,460.48,461.53,0
IXR,20210917,719.29,720.45,715.93,716.13,0
IXTC,20210917,529.03,530.15,524.54,527.15,0
IXU,20210917,678.16,680.79,667.52,668.15,0
IXV,20210917,1339.07,1341.77,1332.65,1340.27,0
IXY,20210917,1864.13,1872.49,1853.51,1857.91,0
JKSE,20210917,6109.94,6133.25,6086.08,6133.25,0
JX,20210917,895.76,895.76,884.1,886.83,87778900
KDX,20210917,118.03,118.26,117.43,117.51,0
KIX,20210917,360.2,363.1,357.78,357.95,0
KLSE,20210917,1556.35,1556.74,1543.08,1548.51,0
KLX,20210917,59.67,59.67,57.09,57.31,0
KPX,20210917,871.61,874.73,865.78,867.95,0
KRX,20210917,114.63,115.47,113.7,114.48,0
KSI,20210917,408.9,411.36,407.07,410.99,0
KSIC,20210917,3127.75,3142.13,3112.51,3140.51,0
KSX,20210917,616.62,621.08,611.48,614.24,0
KYX,20210917,61.53,61.61,61.1,61.18,0
LOWA,20210917,2,2,2,2,0
LOWC,20210917,5,5,5,5,0
LOWD,20210917,0.01,0.01,0.01,0.01,0
LOWE,20210917,31,31,31,31,0
LOWN,20210917,19,19,19,19,0
LOWQ,20210917,37,37,37,37,0
LOWS,20210917,18,18,18,18,0
LOWU,20210917,107,107,107,107,0
LOWV,20210917,5,5,5,5,0
M1DA,20210917,-10,-10,-10,-10,20200
M1DB,20210917,-17,-17,-17,-17,2800
M1DC,20210917,-107,-107,-107,-107,194900
M1DE,20210917,-220,-220,-220,-220,205400
M1DF,20210917,-11,-11,-11,-11,5800
M1DG,20210917,-160,-160,-160,-160,100400
M1DH,20210917,-267,-267,-267,-267,435100
M1DI,20210917,-31,-31,-31,-31,7300
M1DJ,20210917,-20,-20,-20,-20,2800
M1DK,20210917,-13,-13,-13,-13,7400
M1DL,20210917,-32,-32,-32,-32,338800
M1DM,20210917,-2,-2,-2,-2,3200
M1DN,20210917,-221,-221,-221,-221,208700
M1DO,20210917,-20,-20,-20,-20,10000
M1DP,20210917,-102,-102,-102,-102,49600
M1DQ,20210917,-68,-68,-68,-68,328600
M1DR,20210917,-4,-4,-4,-4,2900
M1DS,20210917,-9,-9,-9,-9,6300
M1DT,20210917,6,6,6,6,2200
M1DU,20210917,11,11,11,11,294300
M1DV,20210917,-310,-310,-310,-310,479600
M1DW,20210917,-1,-1,-1,-1,2600
M1DX,20210917,-299,-299,-299,-299,557500
M1DY,20210917,0.01,0.01,0.01,0.01,6300
M1DZ,20210917,-251,-251,-251,-251,264600
M1HA,20210917,14,14,14,14,20200
M1HB,20210917,0.01,0.01,0.01,0.01,2800
M1HC,20210917,178,178,178,178,194900
M1HE,20210917,55,55,55,55,205400
M1HF,20210917,4,4,4,4,5800
M1HG,20210917,71,71,71,71,100400
M1HH,20210917,341,341,341,341,435100
M1HI,20210917,0.01,0.01,0.01,0.01,7300
M1HJ,20210917,1,1,1,1,2800
M1HK,20210917,1,1,1,1,7400
M1HL,20210917,184,184,184,184,338800
M1HM,20210917,0.01,0.01,0.01,0.01,3200
M1HN,20210917,182,182,182,182,208700
M1HO,20210917,8,8,8,8,10000
M1HP,20210917,29,29,29,29,49600
M1HQ,20210917,329,329,329,329,328600
M1HR,20210917,1,1,1,1,2900
M1HS,20210917,3,3,3,3,6300
M1HT,20210917,6,6,6,6,2200
M1HU,20210917,137,137,137,137,294300
M1HV,20210917,388,388,388,388,479600
M1HW,20210917,3,3,3,3,2600
M1HX,20210917,525,525,525,525,557500
M1HY,20210917,10,10,10,10,6300
M1HZ,20210917,212,212,212,212,264600
M1LA,20210917,24,24,24,24,20200
M1LB,20210917,17,17,17,17,2800
M1LC,20210917,285,285,285,285,194900
M1LE,20210917,275,275,275,275,205400
M1LF,20210917,15,15,15,15,5800
M1LG,20210917,231,231,231,231,100400
M1LH,20210917,608,608,608,608,435100
M1LI,20210917,31,31,31,31,7300
M1LJ,20210917,21,21,21,21,2800
M1LK,20210917,14,14,14,14,7400
M1LL,20210917,216,216,216,216,338800
M1LM,20210917,2,2,2,2,3200
M1LN,20210917,403,403,403,403,208700
M1LO,20210917,28,28,28,28,10000
M1LP,20210917,131,131,131,131,49600
M1LQ,20210917,397,397,397,397,328600
M1LR,20210917,5,5,5,5,2900
M1LS,20210917,12,12,12,12,6300
M1LT,20210917,0.01,0.01,0.01,0.01,2200
M1LU,20210917,126,126,126,126,294300
M1LV,20210917,698,698,698,698,479600
M1LW,20210917,4,4,4,4,2600
M1LX,20210917,824,824,824,824,557500
M1LY,20210917,10,10,10,10,6300
M1LZ,20210917,463,463,463,463,264600
M3DA,20210917,-12,-12,-12,-12,20200
M3DB,20210917,-6,-6,-6,-6,2800
M3DC,20210917,-63,-63,-63,-63,194900
M3DE,20210917,-29,-29,-29,-29,205400
M3DF,20210917,1,1,1,1,5800
M3DG,20210917,-48,-48,-48,-48,100400
M3DH,20210917,-81,-81,-81,-81,435100
M3DI,20210917,-12,-12,-12,-12,7300
M3DJ,20210917,-3,-3,-3,-3,2800
M3DK,20210917,-5,-5,-5,-5,7400
M3DL,20210917,-100,-100,-100,-100,338800
M3DM,20210917,0.01,0.01,0.01,0.01,3200
M3DN,20210917,-92,-92,-92,-92,208700
M3DO,20210917,-6,-6,-6,-6,10000
M3DP,20210917,-26,-26,-26,-26,49600
M3DQ,20210917,-77,-77,-77,-77,328600
M3DR,20210917,0.01,0.01,0.01,0.01,2900
M3DS,20210917,-2,-2,-2,-2,6300
M3DT,20210917,1,1,1,1,2200
M3DU,20210917,-18,-18,-18,-18,294300
M3DV,20210917,-163,-163,-163,-163,479600
M3DW,20210917,-3,-3,-3,-3,2600
M3DX,20210917,-181,-181,-181,-181,557500
M3DY,20210917,3,3,3,3,6300
M3DZ,20210917,-85,-85,-85,-85,264600
M3HA,20210917,6,6,6,6,20200
M3HB,20210917,0.01,0.01,0.01,0.01,2800
M3HC,20210917,87,87,87,87,194900
M3HE,20210917,24,24,24,24,205400
M3HF,20210917,3,3,3,3,5800
M3HG,20210917,36,36,36,36,100400
M3HH,20210917,178,178,178,178,435100
M3HI,20210917,0.01,0.01,0.01,0.01,7300
M3HJ,20210917,0.01,0.01,0.01,0.01,2800
M3HK,20210917,1,1,1,1,7400
M3HL,20210917,47,47,47,47,338800
M3HM,20210917,0.01,0.01,0.01,0.01,3200
M3HN,20210917,83,83,83,83,208700
M3HO,20210917,3,3,3,3,10000
M3HP,20210917,13,13,13,13,49600
M3HQ,20210917,136,136,136,136,328600
M3HR,20210917,0.01,0.01,0.01,0.01,2900
M3HS,20210917,3,3,3,3,6300
M3HT,20210917,1,1,1,1,2200
M3HU,20210917,42,42,42,42,294300
M3HV,20210917,183,183,183,183,479600
M3HW,20210917,0.01,0.01,0.01,0.01,2600
M3HX,20210917,225,225,225,225,557500
M3HY,20210917,5,5,5,5,6300
M3HZ,20210917,110,110,110,110,264600
M3LA,20210917,18,18,18,18,20200
M3LB,20210917,6,6,6,6,2800
M3LC,20210917,150,150,150,150,194900
M3LE,20210917,53,53,53,53,205400
M3LF,20210917,2,2,2,2,5800
M3LG,20210917,84,84,84,84,100400
M3LH,20210917,259,259,259,259,435100
M3LI,20210917,12,12,12,12,7300
M3LJ,20210917,3,3,3,3,2800
M3LK,20210917,6,6,6,6,7400
M3LL,20210917,147,147,147,147,338800
M3LM,20210917,0.01,0.01,0.01,0.01,3200
M3LN,20210917,175,175,175,175,208700
M3LO,20210917,9,9,9,9,10000
M3LP,20210917,39,39,39,39,49600
M3LQ,20210917,213,213,213,213,328600
M3LR,20210917,0.01,0.01,0.01,0.01,2900
M3LS,20210917,5,5,5,5,6300
M3LT,20210917,0.01,0.01,0.01,0.01,2200
M3LU,20210917,60,60,60,60,294300
M3LV,20210917,346,346,346,346,479600
M3LW,20210917,3,3,3,3,2600
M3LX,20210917,406,406,406,406,557500
M3LY,20210917,2,2,2,2,6300
M3LZ,20210917,195,195,195,195,264600
M5DA,20210917,-29,-29,-29,-29,20200
M5DB,20210917,-24,-24,-24,-24,2800
M5DC,20210917,38,38,38,38,194900
M5DE,20210917,-877,-877,-877,-877,205400
M5DF,20210917,-19,-19,-19,-19,5800
M5DG,20210917,-190,-190,-190,-190,100400
M5DH,20210917,-257,-257,-257,-257,435100
M5DI,20210917,-40,-40,-40,-40,7300
M5DJ,20210917,-22,-22,-22,-22,2800
M5DK,20210917,-28,-28,-28,-28,7400
M5DL,20210917,-108,-108,-108,-108,338800
M5DM,20210917,-7,-7,-7,-7,3200
M5DN,20210917,-356,-356,-356,-356,208700
M5DO,20210917,-27,-27,-27,-27,10000
M5DP,20210917,-140,-140,-140,-140,49600
M5DQ,20210917,20,20,20,20,328600
M5DR,20210917,-10,-10,-10,-10,2900
M5DS,20210917,-8,-8,-8,-8,6300
M5DT,20210917,4,4,4,4,2200
M5DU,20210917,-35,-35,-35,-35,294300
M5DV,20210917,-330,-330,-330,-330,479600
M5DW,20210917,2,2,2,2,2600
M5DX,20210917,-365,-365,-365,-365,557500
M5DY,20210917,12,12,12,12,6300
M5DZ,20210917,-180,-180,-180,-180,264600
M5HA,20210917,43,43,43,43,20200
M5HB,20210917,0.01,0.01,0.01,0.01,2800
M5HC,20210917,604,604,604,604,194900
M5HE,20210917,214,214,214,214,205400
M5HF,20210917,7,7,7,7,5800
M5HG,20210917,205,205,205,205,100400
M5HH,20210917,970,970,970,970,435100
M5HI,20210917,7,7,7,7,7300
M5HJ,20210917,2,2,2,2,2800
M5HK,20210917,6,6,6,6,7400
M5HL,20210917,468,468,468,468,338800
M5HM,20210917,1,1,1,1,3200
M5HN,20210917,446,446,446,446,208700
M5HO,20210917,16,16,16,16,10000
M5HP,20210917,75,75,75,75,49600
M5HQ,20210917,949,949,949,949,328600
M5HR,20210917,5,5,5,5,2900
M5HS,20210917,8,8,8,8,6300
M5HT,20210917,6,6,6,6,2200
M5HU,20210917,312,312,312,312,294300
M5HV,20210917,1126,1126,1126,1126,479600
M5HW,20210917,9,9,9,9,2600
M5HX,20210917,1438,1438,1438,1438,557500
M5HY,20210917,24,24,24,24,6300
M5HZ,20210917,690,690,690,690,264600
M5LA,20210917,72,72,72,72,20200
M5LB,20210917,24,24,24,24,2800
M5LC,20210917,566,566,566,566,194900
M5LE,20210917,1091,1091,1091,1091,205400
M5LF,20210917,26,26,26,26,5800
M5LG,20210917,395,395,395,395,100400
M5LH,20210917,1227,1227,1227,1227,435100
M5LI,20210917,47,47,47,47,7300
M5LJ,20210917,24,24,24,24,2800
M5LK,20210917,34,34,34,34,7400
M5LL,20210917,576,576,576,576,338800
M5LM,20210917,8,8,8,8,3200
M5LN,20210917,802,802,802,802,208700
M5LO,20210917,43,43,43,43,10000
M5LP,20210917,215,215,215,215,49600
M5LQ,20210917,929,929,929,929,328600
M5LR,20210917,15,15,15,15,2900
M5LS,20210917,16,16,16,16,6300
M5LT,20210917,2,2,2,2,2200
M5LU,20210917,347,347,347,347,294300
M5LV,20210917,1456,1456,1456,1456,479600
M5LW,20210917,7,7,7,7,2600
M5LX,20210917,1803,1803,1803,1803,557500
M5LY,20210917,12,12,12,12,6300
M5LZ,20210917,870,870,870,870,264600
M6DA,20210917,-10,-10,-10,-10,20200
M6DB,20210917,-4,-4,-4,-4,2800
M6DC,20210917,-51,-51,-51,-51,194900
M6DE,20210917,-14,-14,-14,-14,205400
M6DF,20210917,0.01,0.01,0.01,0.01,5800
M6DG,20210917,-20,-20,-20,-20,100400
M6DH,20210917,-47,-47,-47,-47,435100
M6DI,20210917,-7,-7,-7,-7,7300
M6DJ,20210917,0.01,0.01,0.01,0.01,2800
M6DK,20210917,-1,-1,-1,-1,7400
M6DL,20210917,-89,-89,-89,-89,338800
M6DM,20210917,0.01,0.01,0.01,0.01,3200
M6DN,20210917,-63,-63,-63,-63,208700
M6DO,20210917,-6,-6,-6,-6,10000
M6DP,20210917,-14,-14,-14,-14,49600
M6DQ,20210917,-63,-63,-63,-63,328600
M6DR,20210917,0.01,0.01,0.01,0.01,2900
M6DS,20210917,0.01,0.01,0.01,0.01,6300
M6DT,20210917,0.01,0.01,0.01,0.01,2200
M6DU,20210917,-19,-19,-19,-19,294300
M6DV,20210917,-117,-117,-117,-117,479600
M6DW,20210917,-2,-2,-2,-2,2600
M6DX,20210917,-136,-136,-136,-136,557500
M6DY,20210917,0.01,0.01,0.01,0.01,6300
M6DZ,20210917,-47,-47,-47,-47,264600
M6HA,20210917,2,2,2,2,20200
M6HB,20210917,0.01,0.01,0.01,0.01,2800
M6HC,20210917,63,63,63,63,194900
M6HE,20210917,15,15,15,15,205400
M6HF,20210917,2,2,2,2,5800
M6HG,20210917,27,27,27,27,100400
M6HH,20210917,124,124,124,124,435100
M6HI,20210917,0.01,0.01,0.01,0.01,7300
M6HJ,20210917,0.01,0.01,0.01,0.01,2800
M6HK,20210917,1,1,1,1,7400
M6HL,20210917,19,19,19,19,338800
M6HM,20210917,0.01,0.01,0.01,0.01,3200
M6HN,20210917,56,56,56,56,208700
M6HO,20210917,1,1,1,1,10000
M6HP,20210917,7,7,7,7,49600
M6HQ,20210917,85,85,85,85,328600
M6HR,20210917,0.01,0.01,0.01,0.01,2900
M6HS,20210917,3,3,3,3,6300
M6HT,20210917,0.01,0.01,0.01,0.01,2200
M6HU,20210917,18,18,18,18,294300
M6HV,20210917,125,125,125,125,479600
M6HW,20210917,0.01,0.01,0.01,0.01,2600
M6HX,20210917,143,143,143,143,557500
M6HY,20210917,1,1,1,1,6300
M6HZ,20210917,84,84,84,84,264600
M6LA,20210917,12,12,12,12,20200
M6LB,20210917,4,4,4,4,2800
M6LC,20210917,114,114,114,114,194900
M6LE,20210917,29,29,29,29,205400
M6LF,20210917,2,2,2,2,5800
M6LG,20210917,47,47,47,47,100400
M6LH,20210917,171,171,171,171,435100
M6LI,20210917,7,7,7,7,7300
M6LJ,20210917,0.01,0.01,0.01,0.01,2800
M6LK,20210917,2,2,2,2,7400
M6LL,20210917,108,108,108,108,338800
M6LM,20210917,0.01,0.01,0.01,0.01,3200
M6LN,20210917,119,119,119,119,208700
M6LO,20210917,7,7,7,7,10000
M6LP,20210917,21,21,21,21,49600
M6LQ,20210917,148,148,148,148,328600
M6LR,20210917,0.01,0.01,0.01,0.01,2900
M6LS,20210917,3,3,3,3,6300
M6LT,20210917,0.01,0.01,0.01,0.01,2200
M6LU,20210917,37,37,37,37,294300
M6LV,20210917,242,242,242,242,479600
M6LW,20210917,2,2,2,2,2600
M6LX,20210917,279,279,279,279,557500
M6LY,20210917,1,1,1,1,6300
M6LZ,20210917,131,131,131,131,264600
MADA,20210917,-5,-5,-5,-5,20200
MADB,20210917,0.01,0.01,0.01,0.01,2800
MADC,20210917,23,23,23,23,194900
MADE,20210917,2,2,2,2,205400
MADF,20210917,2,2,2,2,5800
MADG,20210917,12,12,12,12,100400
MADH,20210917,61,61,61,61,435100
MADI,20210917,0.01,0.01,0.01,0.01,7300
MADJ,20210917,0.01,0.01,0.01,0.01,2800
MADK,20210917,1,1,1,1,7400
MADL,20210917,-37,-37,-37,-37,338800
MADM,20210917,0.01,0.01,0.01,0.01,3200
MADN,20210917,26,26,26,26,208700
MADO,20210917,0.01,0.01,0.01,0.01,10000
MADP,20210917,4,4,4,4,49600
MADQ,20210917,3,3,3,3,328600
MADR,20210917,0.01,0.01,0.01,0.01,2900
MADS,20210917,1,1,1,1,6300
MADT,20210917,0.01,0.01,0.01,0.01,2200
MADU,20210917,6,6,6,6,294300
MADV,20210917,18,18,18,18,479600
MADW,20210917,-1,-1,-1,-1,2600
MADX,20210917,24,24,24,24,557500
MADY,20210917,1,1,1,1,6300
MADZ,20210917,38,38,38,38,264600
MAHA,20210917,0.01,0.01,0.01,0.01,20200
MAHB,20210917,0.01,0.01,0.01,0.01,2800
MAHC,20210917,42,42,42,42,194900
MAHE,20210917,12,12,12,12,205400
MAHF,20210917,2,2,2,2,5800
MAHG,20210917,20,20,20,20,100400
MAHH,20210917,84,84,84,84,435100
MAHI,20210917,0.01,0.01,0.01,0.01,7300
MAHJ,20210917,0.01,0.01,0.01,0.01,2800
MAHK,20210917,1,1,1,1,7400
MAHL,20210917,11,11,11,11,338800
MAHM,20210917,0.01,0.01,0.01,0.01,3200
MAHN,20210917,46,46,46,46,208700
MAHO,20210917,1,1,1,1,10000
MAHP,20210917,7,7,7,7,49600
MAHQ,20210917,49,49,49,49,328600
MAHR,20210917,0.01,0.01,0.01,0.01,2900
MAHS,20210917,3,3,3,3,6300
MAHT,20210917,0.01,0.01,0.01,0.01,2200
MAHU,20210917,13,13,13,13,294300
MAHV,20210917,82,82,82,82,479600
MAHW,20210917,0.01,0.01,0.01,0.01,2600
MAHX,20210917,95,95,95,95,557500
MAHY,20210917,1,1,1,1,6300
MAHZ,20210917,58,58,58,58,264600
MALA,20210917,5,5,5,5,20200
MALB,20210917,0.01,0.01,0.01,0.01,2800
MALC,20210917,19,19,19,19,194900
MALE,20210917,10,10,10,10,205400
MALF,20210917,0.01,0.01,0.01,0.01,5800
MALG,20210917,8,8,8,8,100400
MALH,20210917,23,23,23,23,435100
MALI,20210917,0.01,0.01,0.01,0.01,7300
MALJ,20210917,0.01,0.01,0.01,0.01,2800
MALK,20210917,0.01,0.01,0.01,0.01,7400
MALL,20210917,48,48,48,48,338800
MALM,20210917,0.01,0.01,0.01,0.01,3200
MALN,20210917,20,20,20,20,208700
MALO,20210917,1,1,1,1,10000
MALP,20210917,3,3,3,3,49600
MALQ,20210917,46,46,46,46,328600
MALR,20210917,0.01,0.01,0.01,0.01,2900
MALS,20210917,2,2,2,2,6300
MALT,20210917,0.01,0.01,0.01,0.01,2200
MALU,20210917,7,7,7,7,294300
MALV,20210917,64,64,64,64,479600
MALW,20210917,1,1,1,1,2600
MALX,20210917,71,71,71,71,557500
MALY,20210917,0.01,0.01,0.01,0.01,6300
MALZ,20210917,20,20,20,20,264600
MERV,20210917,79738.14,80292.5,78512.1,78512.1,0
MMFD,20210917,50.18,50.18,38.24,47.34,0
MMFI,20210917,43.89,43.89,40.76,43.66,0
MMOF,20210917,42.55,42.55,40.79,42.08,0
MMOH,20210917,40.29,40.29,38.36,39.84,0
MMTH,20210917,49.33,49.44,48.16,49.44,0
MMTW,20210917,38.24,39.29,34.33,39.29,0
MNFD,20210917,48.34,48.41,48.24,48.29,0
MNFI,20210917,43.43,43.48,43.3,43.3,0
MNOF,20210917,42.27,42.55,42.27,42.46,0
MNOH,20210917,39.83,40.12,39.83,40.04,0
MNTH,20210917,49.21,49.51,49.21,49.46,0
MNTW,20210917,39.83,39.83,39.68,39.73,0
MOFD,20210917,22.91,23.5,22.91,23.42,0
MOFI,20210917,42.18,42.28,42.12,42.15,0
MOOF,20210917,42.2,42.57,42.2,42.57,0
MOOH,20210917,39.78,40.1,39.78,40.07,0
MOTH,20210917,50.53,50.84,50.53,50.84,0
MOTW,20210917,42.04,42.21,42.04,42.08,0
MPFD,20210917,15.51,16.04,15.51,16.04,0
MPFI,20210917,29.64,30.15,29.64,30.14,0
MPOF,20210917,38.91,39.49,38.91,39.49,0
MPOH,20210917,32.78,33.39,32.78,33.39,0
MPTH,20210917,49.14,49.64,49.14,49.64,0
MPTW,20210917,25.21,25.66,25.21,25.66,0
MTFD,20210917,42.14,42.14,34.34,37.93,0
MTFI,20210917,50.89,50.89,46.95,49.31,0
MTOF,20210917,56.96,56.96,54.55,55.38,0
MTOH,20210917,51.78,51.78,49.07,50.07,0
MTTH,20210917,63.92,63.92,61.82,63.42,0
MTTW,20210917,47.14,47.14,42.27,45.22,0
MUFD,20210917,48.12,49.08,48.12,49.01,0
MUFI,20210917,52.41,52.41,51.08,51.59,0
MUOF,20210917,57.42,57.66,56.97,57.66,0
MUOH,20210917,52.77,52.77,51.31,51.59,0
MUTH,20210917,64.4,64.4,63.67,64.33,0
MUTW,20210917,48.83,48.83,48.45,48.55,0
MVFD,20210917,34.64,36.43,34.64,36.37,0
MVFI,20210917,50.8,51.12,49.76,50.22,0
MVOF,20210917,58.88,58.88,57.98,58.59,0
MVOH,20210917,51.52,51.52,50.54,51.14,0
MVTH,20210917,65.88,66.05,65.41,66.05,0
MVTW,20210917,49.19,49.75,49.19,49.46,0
MWFD,20210917,20.5,21.35,20.24,21.31,0
MWFI,20210917,32.12,33.64,32.12,33.58,0
MWOF,20210917,50.09,51.46,49.73,51.38,0
MWOH,20210917,40.47,41.91,40.47,41.71,0
MWTH,20210917,59.16,60.73,58.98,60.73,0
MWTW,20210917,28.49,30.56,28.49,30.52,0
MXX,20210917,52195.21,52195.21,51266.34,51307.71,0
MYDA,20210917,-12,-12,-12,-12,20200
MYDB,20210917,0.01,0.01,0.01,0.01,2800
MYDC,20210917,-12,-12,-12,-12,194900
MYDE,20210917,-8,-8,-8,-8,205400
MYDF,20210917,1,1,1,1,5800
MYDG,20210917,0.01,0.01,0.01,0.01,100400
MYDH,20210917,12,12,12,12,435100
MYDI,20210917,0.01,0.01,0.01,0.01,7300
MYDJ,20210917,0.01,0.01,0.01,0.01,2800
MYDK,20210917,0.01,0.01,0.01,0.01,7400
MYDL,20210917,-77,-77,-77,-77,338800
MYDM,20210917,0.01,0.01,0.01,0.01,3200
MYDN,20210917,-11,-11,-11,-11,208700
MYDO,20210917,0.01,0.01,0.01,0.01,10000
MYDP,20210917,1,1,1,1,49600
MYDQ,20210917,-42,-42,-42,-42,328600
MYDR,20210917,0.01,0.01,0.01,0.01,2900
MYDS,20210917,1,1,1,1,6300
MYDT,20210917,0.01,0.01,0.01,0.01,2200
MYDU,20210917,-9,-9,-9,-9,294300
MYDV,20210917,-56,-56,-56,-56,479600
MYDW,20210917,-1,-1,-1,-1,2600
MYDX,20210917,-65,-65,-65,-65,557500
MYDY,20210917,0.01,0.01,0.01,0.01,6300
MYDZ,20210917,1,1,1,1,264600
MYHA,20210917,0.01,0.01,0.01,0.01,20200
MYHB,20210917,0.01,0.01,0.01,0.01,2800
MYHC,20210917,43,43,43,43,194900
MYHE,20210917,13,13,13,13,205400
MYHF,20210917,2,2,2,2,5800
MYHG,20210917,22,22,22,22,100400
MYHH,20210917,89,89,89,89,435100
MYHI,20210917,0.01,0.01,0.01,0.01,7300
MYHJ,20210917,0.01,0.01,0.01,0.01,2800
MYHK,20210917,1,1,1,1,7400
MYHL,20210917,11,11,11,11,338800
MYHM,20210917,0.01,0.01,0.01,0.01,3200
MYHN,20210917,49,49,49,49,208700
MYHO,20210917,1,1,1,1,10000
MYHP,20210917,7,7,7,7,49600
MYHQ,20210917,51,51,51,51,328600
MYHR,20210917,0.01,0.01,0.01,0.01,2900
MYHS,20210917,3,3,3,3,6300
MYHT,20210917,0.01,0.01,0.01,0.01,2200
MYHU,20210917,13,13,13,13,294300
MYHV,20210917,87,87,87,87,479600
MYHW,20210917,0.01,0.01,0.01,0.01,2600
MYHX,20210917,100,100,100,100,557500
MYHY,20210917,1,1,1,1,6300
MYHZ,20210917,61,61,61,61,264600
MYLA,20210917,12,12,12,12,20200
MYLB,20210917,0.01,0.01,0.01,0.01,2800
MYLC,20210917,55,55,55,55,194900
MYLE,20210917,21,21,21,21,205400
MYLF,20210917,1,1,1,1,5800
MYLG,20210917,22,22,22,22,100400
MYLH,20210917,77,77,77,77,435100
MYLI,20210917,0.01,0.01,0.01,0.01,7300
MYLJ,20210917,0.01,0.01,0.01,0.01,2800
MYLK,20210917,1,1,1,1,7400
MYLL,20210917,88,88,88,88,338800
MYLM,20210917,0.01,0.01,0.01,0.01,3200
MYLN,20210917,60,60,60,60,208700
MYLO,20210917,1,1,1,1,10000
MYLP,20210917,6,6,6,6,49600
MYLQ,20210917,93,93,93,93,328600
MYLR,20210917,0.01,0.01,0.01,0.01,2900
MYLS,20210917,2,2,2,2,6300
MYLT,20210917,0.01,0.01,0.01,0.01,2200
MYLU,20210917,22,22,22,22,294300
MYLV,20210917,143,143,143,143,479600
MYLW,20210917,1,1,1,1,2600
MYLX,20210917,165,165,165,165,557500
MYLY,20210917,1,1,1,1,6300
MYLZ,20210917,60,60,60,60,264600
N1DA,20210917,-82,-82,-82,-82,59800
N1DB,20210917,-63,-63,-63,-63,39600
N1DC,20210917,-12,-12,-12,-12,10200
N1DD,20210917,-9,-9,-9,-9,3000
N1DE,20210917,-23,-23,-23,-23,6500
N1DF,20210917,-4,-4,-4,-4,2000
N1DG,20210917,-10,-10,-10,-10,1500
N1DH,20210917,-29,-29,-29,-29,22700
N1DI,20210917,-21,-21,-21,-21,6000
N1DJ,20210917,-39,-39,-39,-39,30100
N1DK,20210917,-70,-70,-70,-70,67600
N1DL,20210917,-52,-52,-52,-52,60100
N1DM,20210917,-19,-19,-19,-19,24400
N1DN,20210917,-141,-141,-141,-141,152100
N1DO,20210917,-29,-29,-29,-29,97900
N1DP,20210917,-90,-90,-90,-90,47800
N1DU,20210917,-203,-203,-203,-203,216400
N1DV,20210917,-56,-56,-56,-56,30700
N1HA,20210917,33,33,33,33,59800
N1HB,20210917,27,27,27,27,39600
N1HC,20210917,4,4,4,4,10200
N1HD,20210917,2,2,2,2,3000
N1HE,20210917,4,4,4,4,6500
N1HF,20210917,1,1,1,1,2000
N1HG,20210917,1,1,1,1,1500
N1HH,20210917,16,16,16,16,22700
N1HI,20210917,0.01,0.01,0.01,0.01,6000
N1HJ,20210917,16,16,16,16,30100
N1HK,20210917,55,55,55,55,67600
N1HL,20210917,48,48,48,48,60100
N1HM,20210917,12,12,12,12,24400
N1HN,20210917,115,115,115,115,152100
N1HO,20210917,91,91,91,91,97900
N1HP,20210917,15,15,15,15,47800
N1HU,20210917,189,189,189,189,216400
N1HV,20210917,18,18,18,18,30700
N1LA,20210917,115,115,115,115,59800
N1LB,20210917,90,90,90,90,39600
N1LC,20210917,16,16,16,16,10200
N1LD,20210917,11,11,11,11,3000
N1LE,20210917,27,27,27,27,6500
N1LF,20210917,5,5,5,5,2000
N1LG,20210917,11,11,11,11,1500
N1LH,20210917,45,45,45,45,22700
N1LI,20210917,21,21,21,21,6000
N1LJ,20210917,55,55,55,55,30100
N1LK,20210917,125,125,125,125,67600
N1LL,20210917,100,100,100,100,60100
N1LM,20210917,31,31,31,31,24400
N1LN,20210917,256,256,256,256,152100
N1LO,20210917,120,120,120,120,97900
N1LP,20210917,105,105,105,105,47800
N1LU,20210917,392,392,392,392,216400
N1LV,20210917,74,74,74,74,30700
N3DA,20210917,-36,-36,-36,-36,59800
N3DB,20210917,-25,-25,-25,-25,39600
N3DC,20210917,-3,-3,-3,-3,10200
N3DD,20210917,-4,-4,-4,-4,3000
N3DE,20210917,-9,-9,-9,-9,6500
N3DF,20210917,-3,-3,-3,-3,2000
N3DG,20210917,-2,-2,-2,-2,1500
N3DH,20210917,-8,-8,-8,-8,22700
N3DI,20210917,-7,-7,-7,-7,6000
N3DJ,20210917,-24,-24,-24,-24,30100
N3DK,20210917,-44,-44,-44,-44,67600
N3DL,20210917,-36,-36,-36,-36,60100
N3DM,20210917,-18,-18,-18,-18,24400
N3DN,20210917,-98,-98,-98,-98,152100
N3DO,20210917,2,2,2,2,97900
N3DP,20210917,-9,-9,-9,-9,47800
N3DU,20210917,-100,-100,-100,-100,216400
N3DV,20210917,-20,-20,-20,-20,30700
N3HA,20210917,20,20,20,20,59800
N3HB,20210917,16,16,16,16,39600
N3HC,20210917,2,2,2,2,10200
N3HD,20210917,1,1,1,1,3000
N3HE,20210917,2,2,2,2,6500
N3HF,20210917,1,1,1,1,2000
N3HG,20210917,0.01,0.01,0.01,0.01,1500
N3HH,20210917,11,11,11,11,22700
N3HI,20210917,0.01,0.01,0.01,0.01,6000
N3HJ,20210917,11,11,11,11,30100
N3HK,20210917,28,28,28,28,67600
N3HL,20210917,26,26,26,26,60100
N3HM,20210917,6,6,6,6,24400
N3HN,20210917,60,60,60,60,152100
N3HO,20210917,57,57,57,57,97900
N3HP,20210917,9,9,9,9,47800
N3HU,20210917,117,117,117,117,216400
N3HV,20210917,9,9,9,9,30700
N3LA,20210917,56,56,56,56,59800
N3LB,20210917,41,41,41,41,39600
N3LC,20210917,5,5,5,5,10200
N3LD,20210917,5,5,5,5,3000
N3LE,20210917,11,11,11,11,6500
N3LF,20210917,4,4,4,4,2000
N3LG,20210917,2,2,2,2,1500
N3LH,20210917,19,19,19,19,22700
N3LI,20210917,7,7,7,7,6000
N3LJ,20210917,35,35,35,35,30100
N3LK,20210917,72,72,72,72,67600
N3LL,20210917,62,62,62,62,60100
N3LM,20210917,24,24,24,24,24400
N3LN,20210917,158,158,158,158,152100
N3LO,20210917,55,55,55,55,97900
N3LP,20210917,18,18,18,18,47800
N3LU,20210917,217,217,217,217,216400
N3LV,20210917,29,29,29,29,30700
N5DA,20210917,-41,-41,-41,-41,59800
N5DB,20210917,-84,-84,-84,-84,39600
N5DC,20210917,-24,-24,-24,-24,10200
N5DD,20210917,-10,-10,-10,-10,3000
N5DE,20210917,-21,-21,-21,-21,6500
N5DF,20210917,0.01,0.01,0.01,0.01,2000
N5DG,20210917,-11,-11,-11,-11,1500
N5DH,20210917,-52,-52,-52,-52,22700
N5DI,20210917,-30,-30,-30,-30,6000
N5DJ,20210917,-81,-81,-81,-81,30100
N5DK,20210917,-130,-130,-130,-130,67600
N5DL,20210917,-117,-117,-117,-117,60100
N5DM,20210917,-32,-32,-32,-32,24400
N5DN,20210917,-279,-279,-279,-279,152100
N5DO,20210917,3,3,3,3,97900
N5DP,20210917,-201,-201,-201,-201,47800
N5DU,20210917,-468,-468,-468,-468,216400
N5DV,20210917,-84,-84,-84,-84,30700
N5HA,20210917,162,162,162,162,59800
N5HB,20210917,72,72,72,72,39600
N5HC,20210917,16,16,16,16,10200
N5HD,20210917,4,4,4,4,3000
N5HE,20210917,14,14,14,14,6500
N5HF,20210917,8,8,8,8,2000
N5HG,20210917,2,2,2,2,1500
N5HH,20210917,36,36,36,36,22700
N5HI,20210917,3,3,3,3,6000
N5HJ,20210917,42,42,42,42,30100
N5HK,20210917,123,123,123,123,67600
N5HL,20210917,107,107,107,107,60100
N5HM,20210917,55,55,55,55,24400
N5HN,20210917,285,285,285,285,152100
N5HO,20210917,273,273,273,273,97900
N5HP,20210917,62,62,62,62,47800
N5HU,20210917,375,375,375,375,216400
N5HV,20210917,45,45,45,45,30700
N5LA,20210917,203,203,203,203,59800
N5LB,20210917,156,156,156,156,39600
N5LC,20210917,40,40,40,40,10200
N5LD,20210917,14,14,14,14,3000
N5LE,20210917,35,35,35,35,6500
N5LF,20210917,8,8,8,8,2000
N5LG,20210917,13,13,13,13,1500
N5LH,20210917,88,88,88,88,22700
N5LI,20210917,33,33,33,33,6000
N5LJ,20210917,123,123,123,123,30100
N5LK,20210917,253,253,253,253,67600
N5LL,20210917,224,224,224,224,60100
N5LM,20210917,87,87,87,87,24400
N5LN,20210917,564,564,564,564,152100
N5LO,20210917,270,270,270,270,97900
N5LP,20210917,263,263,263,263,47800
N5LU,20210917,843,843,843,843,216400
N5LV,20210917,129,129,129,129,30700
N6DA,20210917,-25,-25,-25,-25,59800
N6DB,20210917,-12,-12,-12,-12,39600
N6DC,20210917,1,1,1,1,10200
N6DD,20210917,-3,-3,-3,-3,3000
N6DE,20210917,-5,-5,-5,-5,6500
N6DF,20210917,-2,-2,-2,-2,2000
N6DG,20210917,0.01,0.01,0.01,0.01,1500
N6DH,20210917,-2,-2,-2,-2,22700
N6DI,20210917,-4,-4,-4,-4,6000
N6DJ,20210917,-18,-18,-18,-18,30100
N6DK,20210917,-29,-29,-29,-29,67600
N6DL,20210917,-26,-26,-26,-26,60100
N6DM,20210917,-14,-14,-14,-14,24400
N6DN,20210917,-69,-69,-69,-69,152100
N6DO,20210917,9,9,9,9,97900
N6DP,20210917,-7,-7,-7,-7,47800
N6DU,20210917,-67,-67,-67,-67,216400
N6DV,20210917,-14,-14,-14,-14,30700
N6HA,20210917,18,18,18,18,59800
N6HB,20210917,13,13,13,13,39600
N6HC,20210917,2,2,2,2,10200
N6HD,20210917,0.01,0.01,0.01,0.01,3000
N6HE,20210917,1,1,1,1,6500
N6HF,20210917,1,1,1,1,2000
N6HG,20210917,0.01,0.01,0.01,0.01,1500
N6HH,20210917,10,10,10,10,22700
N6HI,20210917,0.01,0.01,0.01,0.01,6000
N6HJ,20210917,6,6,6,6,30100
N6HK,20210917,20,20,20,20,67600
N6HL,20210917,15,15,15,15,60100
N6HM,20210917,4,4,4,4,24400
N6HN,20210917,39,39,39,39,152100
N6HO,20210917,44,44,44,44,97900
N6HP,20210917,8,8,8,8,47800
N6HU,20210917,83,83,83,83,216400
N6HV,20210917,4,4,4,4,30700
N6LA,20210917,43,43,43,43,59800
N6LB,20210917,25,25,25,25,39600
N6LC,20210917,1,1,1,1,10200
N6LD,20210917,3,3,3,3,3000
N6LE,20210917,6,6,6,6,6500
N6LF,20210917,3,3,3,3,2000
N6LG,20210917,0.01,0.01,0.01,0.01,1500
N6LH,20210917,12,12,12,12,22700
N6LI,20210917,4,4,4,4,6000
N6LJ,20210917,24,24,24,24,30100
N6LK,20210917,49,49,49,49,67600
N6LL,20210917,41,41,41,41,60100
N6LM,20210917,18,18,18,18,24400
N6LN,20210917,108,108,108,108,152100
N6LO,20210917,35,35,35,35,97900
N6LP,20210917,15,15,15,15,47800
N6LU,20210917,150,150,150,150,216400
N6LV,20210917,18,18,18,18,30700
NADA,20210917,5,5,5,5,59800
NADB,20210917,7,7,7,7,39600
NADC,20210917,1,1,1,1,10200
NADD,20210917,-1,-1,-1,-1,3000
NADE,20210917,0.01,0.01,0.01,0.01,6500
NADF,20210917,1,1,1,1,2000
NADG,20210917,0.01,0.01,0.01,0.01,1500
NADH,20210917,4,4,4,4,22700
NADI,20210917,-3,-3,-3,-3,6000
NADJ,20210917,-15,-15,-15,-15,30100
NADK,20210917,-3,-3,-3,-3,67600
NADL,20210917,-14,-14,-14,-14,60100
NADM,20210917,-2,-2,-2,-2,24400
NADN,20210917,-19,-19,-19,-19,152100
NADO,20210917,21,21,21,21,97900
NADP,20210917,-2,-2,-2,-2,47800
NADU,20210917,14,14,14,14,216400
NADV,20210917,1,1,1,1,30700
NAHA,20210917,12,12,12,12,59800
NAHB,20210917,11,11,11,11,39600
NAHC,20210917,2,2,2,2,10200
NAHD,20210917,0.01,0.01,0.01,0.01,3000
NAHE,20210917,1,1,1,1,6500
NAHF,20210917,1,1,1,1,2000
NAHG,20210917,0.01,0.01,0.01,0.01,1500
NAHH,20210917,9,9,9,9,22700
NAHI,20210917,0.01,0.01,0.01,0.01,6000
NAHJ,20210917,2,2,2,2,30100
NAHK,20210917,19,19,19,19,67600
NAHL,20210917,10,10,10,10,60100
NAHM,20210917,1,1,1,1,24400
NAHN,20210917,30,30,30,30,152100
NAHO,20210917,28,28,28,28,97900
NAHP,20210917,5,5,5,5,47800
NAHU,20210917,66,66,66,66,216400
NAHV,20210917,4,4,4,4,30700
NALA,20210917,7,7,7,7,59800
NALB,20210917,4,4,4,4,39600
NALC,20210917,1,1,1,1,10200
NALD,20210917,1,1,1,1,3000
NALE,20210917,1,1,1,1,6500
NALF,20210917,0.01,0.01,0.01,0.01,2000
NALG,20210917,0.01,0.01,0.01,0.01,1500
NALH,20210917,5,5,5,5,22700
NALI,20210917,3,3,3,3,6000
NALJ,20210917,17,17,17,17,30100
NALK,20210917,22,22,22,22,67600
NALL,20210917,24,24,24,24,60100
NALM,20210917,3,3,3,3,24400
NALN,20210917,49,49,49,49,152100
NALO,20210917,7,7,7,7,97900
NALP,20210917,7,7,7,7,47800
NALU,20210917,52,52,52,52,216400
NALV,20210917,3,3,3,3,30700
NAST,20210917,6138.62,6144.84,6072.71,6087.22,0
NBI,20210917,5358.22,5394.66,5294.53,5391.63,0
NCFD,20210917,56.33,56.33,41.03,51.57,0
NCFI,20210917,48.22,48.22,44.47,47.82,0
NCOF,20210917,45.89,46.7,44.98,46.09,0
NCOH,20210917,47.41,47.72,46.09,47.21,0
NCTH,20210917,52.58,53.59,51.67,53.49,0
NCTW,20210917,41.74,43.16,36.47,43.16,0
NDFD,20210917,55.88,55.88,26.47,41.17,0
NDFI,20210917,61.76,61.76,53.92,55.88,0
NDOF,20210917,60.78,61.76,59.8,60.78,0
NDOH,20210917,68.62,68.62,65.68,66.66,0
NDTH,20210917,71.56,72.54,67.64,68.62,0
NDTW,20210917,46.07,46.07,34.31,37.25,0
NDXT,20210917,9186.81,9191.51,9053.94,9090.14,0
NDXX,20210917,5227.73,5232.43,5186.51,5205.39,0
NDY,20210917,15480.28,15485.21,15291.04,15333.47,0
NKY,20210917,30387.54,30541.99,30358.93,30500.05,0
NQGM,20210917,4197.94,4232.25,4159.95,4228.47,0
NQGS,20210917,7181.71,7183.79,7100.52,7120.79,0
NSHD,20210917,853,2207,466,2073,0
NSHF,20210917,-78,298,-1167,-900,0
NSHR,20210917,0.9,1.25,0.47,0.56,0
NSHU,20210917,775,1496,422,1173,0
NVLD,20210917,61.14,3617.7,34.23,3151.52,0
NVLF,20210917,-26.27,68.34,-1772.91,-1680.92,0
NVLR,20210917,0.57,1.58,-0.09,0.46,0
NVLU,20210917,34.87,1846.75,-40.45,1470.6,0
NXTQ,20210917,871.49,872.36,861.68,867.08,0
NYA,20210917,16576.77,16586.07,16442.36,16460.35,0
NYDA,20210917,-9,-9,-9,-9,59800
NYDB,20210917,-1,-1,-1,-1,39600
NYDC,20210917,1,1,1,1,10200
NYDD,20210917,-1,-1,-1,-1,3000
NYDE,20210917,0.01,0.01,0.01,0.01,6500
NYDF,20210917,1,1,1,1,2000
NYDG,20210917,0.01,0.01,0.01,0.01,1500
NYDH,20210917,1,1,1,1,22700
NYDI,20210917,-3,-3,-3,-3,6000
NYDJ,20210917,-18,-18,-18,-18,30100
NYDK,20210917,-14,-14,-14,-14,67600
NYDL,20210917,-24,-24,-24,-24,60100
NYDM,20210917,-9,-9,-9,-9,24400
NYDN,20210917,-47,-47,-47,-47,152100
NYDO,20210917,9,9,9,9,97900
NYDP,20210917,-5,-5,-5,-5,47800
NYDU,20210917,-30,-30,-30,-30,216400
NYDV,20210917,-1,-1,-1,-1,30700
NYHA,20210917,12,12,12,12,59800
NYHB,20210917,11,11,11,11,39600
NYHC,20210917,2,2,2,2,10200
NYHD,20210917,0.01,0.01,0.01,0.01,3000
NYHE,20210917,1,1,1,1,6500
NYHF,20210917,1,1,1,1,2000
NYHG,20210917,0.01,0.01,0.01,0.01,1500
NYHH,20210917,9,9,9,9,22700
NYHI,20210917,0.01,0.01,0.01,0.01,6000
NYHJ,20210917,3,3,3,3,30100
NYHK,20210917,19,19,19,19,67600
NYHL,20210917,11,11,11,11,60100
NYHM,20210917,1,1,1,1,24400
NYHN,20210917,31,31,31,31,152100
NYHO,20210917,29,29,29,29,97900
NYHP,20210917,5,5,5,5,47800
NYHU,20210917,73,73,73,73,216400
NYHV,20210917,4,4,4,4,30700
NYLA,20210917,21,21,21,21,59800
NYLB,20210917,12,12,12,12,39600
NYLC,20210917,1,1,1,1,10200
NYLD,20210917,1,1,1,1,3000
NYLE,20210917,1,1,1,1,6500
NYLF,20210917,0.01,0.01,0.01,0.01,2000
NYLG,20210917,0.01,0.01,0.01,0.01,1500
NYLH,20210917,8,8,8,8,22700
NYLI,20210917,3,3,3,3,6000
NYLJ,20210917,21,21,21,21,30100
NYLK,20210917,33,33,33,33,67600
NYLL,20210917,35,35,35,35,60100
NYLM,20210917,10,10,10,10,24400
NYLN,20210917,78,78,78,78,152100
NYLO,20210917,20,20,20,20,97900
NYLP,20210917,10,10,10,10,47800
NYLU,20210917,103,103,103,103,216400
NYLV,20210917,5,5,5,5,30700
NZD,20210917,13106.84,13234.55,13103.38,13234.55,0
OBX,20210917,1018.33,1023.41,1008.21,1008.21,0
OEX,20210917,2054.41,2055.7,2035.06,2037.62,1632017000
OFIN,20210917,11880.25,11934.68,11857.77,11930.96,0
OSX,20210917,54.43,54.47,52.94,53.05,0
PCAM,20210917,0.7,0.7,0.7,0.7,0
PCAP,20210917,0.48,0.48,0.48,0.48,0
PCBA,20210917,0.74,0.74,0.74,0.74,0
PCCS,20210917,0.51,0.51,0.51,0.51,0
PCDI,20210917,0.67,0.67,0.67,0.67,0
PCFB,20210917,0.48,0.48,0.48,0.48,0
PCFR,20210917,0.28,0.28,0.28,0.28,0
PCGO,20210917,1.01,1.01,1.01,1.01,0
PCIN,20210917,0.81,0.81,0.81,0.81,0
PCIW,20210917,2.71,2.71,2.71,2.71,0
PCJP,20210917,0.82,0.82,0.82,0.82,0
PCMD,20210917,0.54,0.54,0.54,0.54,0
PCMS,20210917,0.53,0.53,0.53,0.53,0
PCQQ,20210917,1.06,1.06,1.06,1.06,0
PCSP,20210917,0.96,0.96,0.96,0.96,0
PCSX,20210917,1.94,1.94,1.94,1.94,0
PCTS,20210917,1.08,1.08,1.08,1.08,0
PCVI,20210917,0.94,0.94,0.94,0.94,0
PCVX,20210917,0.93,0.93,0.93,0.93,0
PCWM,20210917,0.45,0.45,0.45,0.45,0
PCXO,20210917,0.64,0.64,0.64,0.64,0
QSHD,20210917,1118,2525,448,2185,0
QSHF,20210917,254,355,-1016,43,0
QSHR,20210917,1.22,1.25,0.58,1.01,0
QSHU,20210917,1372,2253,511,2228,0
QVLD,20210917,82.9,2468.88,31.83,1922.98,0
QVLF,20210917,41.31,496.14,-271.34,356.4,0
QVLR,20210917,1.49,2.5,0.51,1.18,0
QVLU,20210917,124.22,2750.69,79.23,2279.38,0
R1FD,20210917,52.2,52.2,31.83,35.45,0
R1FI,20210917,48.38,48.38,42.31,43.68,0
R1OF,20210917,49.75,49.75,45.05,46.03,0
R1OH,20210917,55.92,55.92,53.08,54.16,0
R1TH,20210917,65.42,65.62,62.78,63.27,0
R1TW,20210917,38.49,38.49,30.16,31.73,0
R2FD,20210917,55.88,56.7,42.28,53.9,0
R2FI,20210917,43.24,43.7,39.89,43.7,0
R2OF,20210917,36.59,37.05,34.82,36.14,0
R2OH,20210917,38.98,39.18,37,38.57,0
R2TH,20210917,47.36,48.07,45.98,48.02,0
R2TW,20210917,37.1,39.49,33.19,39.49,0
R3FD,20210917,54.16,54.16,36.8,47.33,0
R3FI,20210917,45.5,45.5,40.72,43.82,0
R3OF,20210917,42.25,42.25,39.15,40.5,0
R3OH,20210917,45.94,45.94,43.52,44.83,0
R3TH,20210917,54.75,55.02,52.89,54.31,0
R3TW,20210917,37.92,37.92,32.17,36.73,0
RTCM,20210917,254.2,255.57,254.14,254.93,27343500
RTRE,20210917,200.31,201.47,200.31,200.34,25120600
RTS,20210917,1756.17,1758.81,1738.96,1745.04,0
S1FD,20210917,47.52,47.52,24.75,32.67,0
S1FI,20210917,46.53,47.52,43.56,44.55,0
S1OF,20210917,54.45,54.45,51.48,51.48,0
S1OH,20210917,68.31,69.3,65.34,66.33,0
S1TH,20210917,75.24,76.23,73.26,75.24,0
S1TR,20210917,289.68,291.05,286.84,290.1,0
S1TW,20210917,38.61,38.61,27.72,28.71,0
S2TR,20210917,850.51,858.25,848.31,851.89,0
S3TR,20210917,1533.27,1536.92,1522.39,1525.81,0
S4FD,20210917,49.5,50.25,26,31.75,0
S4FI,20210917,44.25,44.25,38.75,40.75,0
S4OF,20210917,38.75,38.75,33.5,35.25,0
S4OH,20210917,44.25,44.25,38.25,40,0
S4TH,20210917,58.5,58.5,54.75,55,0
S4TR,20210917,812.43,813.82,802.21,803.06,0
S4TW,20210917,34.25,34.25,25.25,27,0
S5FD,20210917,48.51,48.51,27.92,29.9,0
S5FI,20210917,49.9,49.9,42.57,42.57,0
S5OF,20210917,53.86,53.86,48.11,49.1,0
S5OH,20210917,62.57,62.97,60.19,60.39,0
S5TH,20210917,71.28,71.68,68.51,68.91,0
S5TR,20210917,817.1,820.96,807.69,810.43,0
S5TW,20210917,37.62,37.62,27.52,27.92,0
S6CD,20210917,1017.2,1027,1011.85,1023.14,0
S6CS,20210917,2424.83,2439.67,2420.21,2436.24,0
S6EP,20210917,253.52,255.68,248.07,249.74,0
S6FD,20210917,49.91,51.24,29.45,50.41,0
S6FI,20210917,38.26,38.93,32.27,38.93,0
S6FP,20210917,1041.21,1048.8,1036.42,1046.6,0
S6HC,20210917,4471.06,4525.29,4463.66,4524.27,0
S6IP,20210917,1504.8,1508.93,1489.55,1504.5,0
S6MP,20210917,649.83,649.89,635.22,640.45,0
S6OF,20210917,33.11,33.11,29.78,31.94,0
S6OH,20210917,36.6,36.6,33.27,35.77,0
S6TH,20210917,46.75,47.08,44.42,46.92,0
S6TP,20210917,1268.43,1270.01,1246.59,1256.49,0
S6TR,20210917,2197.58,2208.89,2181.86,2185.52,0
S6TW,20210917,31.78,33.44,23.79,33.44,0
S6UP,20210917,823.75,832.6,823.75,828.53,0
S7TR,20210917,1632.25,1638.97,1615.18,1621.42,0
S8TR,20210917,760.64,763.13,748.04,749.92,0
S9TR,20210917,952.71,955.76,949.76,951.32,0
SAAB,20210917,1741.93,1742.87,1723.1,1729.31,0
SAER,20210917,87.85,88,86.83,87.45,0
SAIE,20210917,185.7,186.99,184.72,186.09,0
SAIU,20210917,168.07,169.18,167.09,167.93,0
SAJR,20210917,179.28,180.57,176.73,180.57,0
SAJT,20210917,124.41,125.35,122.69,125.35,0
SAPE,20210917,3685.86,3691.74,3645.8,3677.57,0
SAPT,20210917,125.78,127.39,125.23,125.53,0
SAPU,20210917,3044.57,3049.1,3009.11,3044.64,0
SAQA,20210917,6569.27,6586.68,6473.08,6485.55,0
SAQE,20210917,4942.41,4951.75,4885.43,4891.93,0
SAUE,20210917,199.04,199.36,196.72,198.13,0
SBER,20210917,66.98,67.09,65.79,66.37,0
SBES,20210917,1876.73,1886.84,1867.28,1885.44,0
SBFD,20210917,10.71,10.71,3.57,7.14,0
SBFI,20210917,35.71,35.71,17.85,17.85,0
SBIX,20210917,405.85,409.01,404.27,405.98,312713600
SBNP,20210917,3662.88,3782.16,3628.76,3628.76,0
SBOF,20210917,35.71,35.71,21.42,25,0
SBOH,20210917,42.85,42.85,39.28,39.28,0
SBSE,20210917,2601.4,2658.96,2597.63,2655.92,0
SBSU,20210917,2299.82,2348.43,2295.65,2341.77,0
SBTH,20210917,64.28,64.28,53.57,53.57,0
SBTR,20210917,74.25,74.37,72.93,73.57,0
SBTW,20210917,10.71,10.71,7.14,10.71,0
SBUP,20210917,6912.25,6940.05,6900.89,6921.43,0
SCBR,20210917,65.51,65.6,64.82,64.97,0
SCII,20210917,64.68,64.69,63.56,63.82,0
SCIR,20210917,318.88,324.65,315.72,316.24,0
SCIS,20210917,315.62,321.34,312.49,313.01,0
SCIT,20210917,577.02,587.46,571.29,572.23,0
SCPC,20210917,3178.96,3184.48,3147.69,3162.52,0
SCSC,20210917,4344.89,4388.13,4324.09,4386.43,0
SCSE,20210917,3991.66,4042.93,3976.15,4042.02,0
SCUT,20210917,1682.39,1756.24,1682.39,1743.63,0
SCWI,20210917,178.77,178.77,175.55,177.12,0
SCWP,20210917,339.32,339.84,337.19,337.34,0
SDEW,20210917,2141.48,2146.22,2121.57,2127.28,0
SDIP,20210917,133.37,133.49,132.95,133.32,0
SDIS,20210917,141.03,141.16,140.59,140.98,0
SDIT,20210917,165.8,165.95,165.29,165.75,0
SDPI,20210917,2161.04,2161.9,2126.14,2128.43,0
SDTI,20210917,2762.94,2763.68,2717.97,2720.9,0
SDTR,20210917,1685.84,1689.97,1680.4,1681.71,0
SDTS,20210917,1154.55,1163.48,1150.72,1163.48,0
SDTT,20210917,1418.51,1429.48,1413.8,1429.48,0
SEAN,20210917,767.78,767.78,759.78,764.3,0
SEBI,20210917,2650.88,2650.98,2603.9,2605.66,0
SECA,20210917,306.1,306.45,302.91,303.97,0
SECB,20210917,256.5,256.79,253.83,254.72,0
SECC,20210917,464.06,464.63,459.28,460.87,0
SEFD,20210917,95.45,95.45,36.36,45.45,0
SEFI,20210917,81.81,81.81,68.18,72.72,0
SEIB,20210917,3062.65,3063.32,3017.59,3017.59,0
SEIE,20210917,366.46,367.41,363.64,365.74,0
SEIT,20210917,189.54,189.82,188.36,188.56,0
SEIU,20210917,366.37,367.41,362.61,364.59,0
SEMT,20210917,1826.51,1845.85,1817.7,1828.39,0
SEOF,20210917,50,50,31.81,40.9,0
SEOH,20210917,54.54,54.54,50,54.54,0
SETH,20210917,72.72,72.72,72.72,72.72,0
SETW,20210917,95.45,95.45,86.36,86.36,0
SFFD,20210917,61.53,67.69,24.61,32.3,0
SFFI,20210917,63.07,64.61,50.76,53.84,0
SFOF,20210917,58.46,58.46,44.61,50.76,0
SFOH,20210917,73.84,73.84,70.76,72.3,0
SFTH,20210917,87.69,87.69,84.61,84.61,0
SFTR,20210917,2143.52,2152.4,2134.4,2148.31,0
SFTW,20210917,43.07,43.07,27.69,29.23,0
SG0A,20210917,348.09,348.47,344.21,345.95,0
SG0B,20210917,73.11,73.19,72.29,72.66,0
SG0C,20210917,800.33,801.2,791.43,795.41,0
SG0D,20210917,42.43,42.49,41.91,42.13,0
SG0E,20210917,464.51,465.19,458.8,461.26,0
SG0F,20210917,440.12,440.12,435.64,436.58,0
SG0G,20210917,292.42,292.42,289.44,290.06,0
SG0H,20210917,3191.23,3191.61,3168.46,3175.63,0
SG0I,20210917,410.51,411.03,403.71,407.72,0
SG1A,20210917,624.32,625.12,613.94,620.09,0
SG1B,20210917,475.96,477.64,471.44,472.45,0
SG1C,20210917,9.84,9.88,9.75,9.77,0
SG1D,20210917,107.87,108.25,106.84,107.07,0
SG1E,20210917,183.06,186.46,182.49,183.74,0
SG1F,20210917,35.01,35.66,34.9,35.14,0
SG1G,20210917,74.83,76.22,74.62,75.11,0
SG1H,20210917,278.49,279.51,272.02,275.64,0
SG1I,20210917,124.81,125.27,121.91,123.54,0
SG1J,20210917,219.12,219.4,215.49,217.63,0
SG2A,20210917,638.12,638.97,629.1,634.55,0
SG2B,20210917,413.42,413.97,407.58,411.11,0
SG2C,20210917,608.52,609.33,599.92,605.11,0
SG2D,20210917,104.35,104.83,103.53,104.67,0
SG2E,20210917,9.11,9.15,9.04,9.14,0
SG2F,20210917,33.04,33.06,32.66,33.01,0
SG2G,20210917,144.89,146.2,142.2,143.55,0
SG2H,20210917,10.28,10.37,10.09,10.18,0
SG2I,20210917,52.32,52.79,51.35,51.83,0
SG2J,20210917,153,153.57,149.45,151.44,0
SG3A,20210917,796.51,808.55,788.13,792.04,0
SG3B,20210917,5753.97,5841.55,5693.43,5721.7,0
SG3C,20210917,437.15,437.97,430.75,435.29,0
SG3D,20210917,8.23,8.24,8.11,8.19,0
SG3E,20210917,90.19,90.36,88.87,89.8,0
SG3F,20210917,131.63,132.17,131.09,131.37,0
SG3G,20210917,48.48,48.68,48.28,48.39,0
SG3H,20210917,350.57,351.63,348.76,349.51,0
SG3I,20210917,396.63,397.18,389.4,393.62,0
SG3J,20210917,663.59,673.61,656.6,659.86,0
SG4A,20210917,311.75,312.18,306.02,309.38,0
SG4B,20210917,402.93,403.5,398.46,400.07,0
SG4C,20210917,92.22,92.35,91.2,91.57,0
SG4D,20210917,167.14,167.38,165.3,165.96,0
SG4E,20210917,105.27,105.39,103.72,104.38,0
SG4F,20210917,414.86,415.36,408.76,411.35,0
SG4G,20210917,185.82,185.82,184.11,184.4,0
SG4H,20210917,89.69,89.69,88.86,89.01,0
SG4I,20210917,114.29,114.31,113.49,113.65,0
SG4J,20210917,109.41,109.56,107.42,108.58,0
SG5A,20210917,314.88,318.27,314.63,315.88,0
SG5B,20210917,463.48,468.47,463.11,464.96,0
SG5C,20210917,1022.76,1029.22,1017.46,1019.67,0
SG5D,20210917,129.72,130.54,129.05,129.33,0
SG5E,20210917,886.83,893.75,883.49,885.46,0
SG5F,20210917,472.66,473.47,466.83,469.52,0
SG5G,20210917,26.82,26.87,26.49,26.64,0
SG5H,20210917,293.69,294.23,290.08,291.74,0
SG5I,20210917,268.27,269.07,265.88,267.96,0
SG5J,20210917,581.9,588.16,581.43,583.75,0
SG6A,20210917,799.57,801.96,792.4,798.63,0
SG6B,20210917,243.3,247.33,241.8,242.92,0
SG6C,20210917,1757.78,1786.92,1747.16,1755,0
SG6D,20210917,221.18,221.94,218.72,218.87,0
SG6E,20210917,17.52,17.58,17.32,17.33,0
SG6F,20210917,25.79,25.88,25.5,25.52,0
SG6G,20210917,330.89,335.32,326.62,326.99,0
SG6H,20210917,189.95,192.49,187.5,187.72,0
SG6I,20210917,344.3,348.9,339.85,340.24,0
SG6J,20210917,202.9,203.51,201.09,202.66,0
SG7A,20210917,10.99,11.19,10.79,11.14,0
SG7B,20210917,83.58,85.05,82.03,84.68,0
SG7C,20210917,494.69,496.07,490.63,491.91,0
SG7D,20210917,213.79,214.41,212.06,212.61,0
SG7E,20210917,2339.63,2346.43,2320.74,2326.74,0
SG7F,20210917,438.82,438.82,434.12,435.23,0
SG7G,20210917,274.08,274.3,272.05,272.8,0
SG7H,20210917,3000.65,3002.99,2978.4,2986.6,0
SG7I,20210917,131.42,131.76,130.33,131.43,0
SG7J,20210917,109.18,110.53,106.61,110.06,0
SG8A,20210917,251.98,254.42,239.86,240.94,0
SG8B,20210917,7.64,7.71,7.27,7.3,0
SG8C,20210917,14.48,14.62,13.78,13.84,0
SG8D,20210917,311.72,325.92,308.5,311.15,0
SG8E,20210917,246.44,257.67,243.89,245.99,0
SG8F,20210917,481.24,503.16,476.25,480.36,0
SG8G,20210917,188.88,189.8,187.56,188.04,0
SG8H,20210917,445.22,447.31,442.03,443.16,0
SG8I,20210917,2067.21,2077.22,2052.73,2057.94,0
SG8J,20210917,1438.4,1442.11,1426.44,1438.47,0
SG9A,20210917,59.81,59.88,59.17,59.39,0
SG9B,20210917,102.51,102.61,101.41,101.79,0
SG9C,20210917,541.92,542.66,536.37,539.21,0
SG9D,20210917,381.82,382.36,377.93,379.94,0
SG9E,20210917,4143.77,4149.69,4101.6,4123.34,0
SG9F,20210917,228.1,228.33,225.59,226.51,0
SG9G,20210917,79.2,79.28,78.32,78.65,0
SG9H,20210917,692.1,692.78,684.47,687.28,0
SG9I,20210917,261.55,261.85,257.44,259.94,0
SG9J,20210917,268.44,268.7,265.54,266.54,0
SGAA,20210917,1923.93,1926.31,1904.66,1912.24,0
SGAB,20210917,1950.99,1953.77,1936.77,1943.92,0
SGAC,20210917,5814.91,5833.44,5747.59,5778.8,0
SGAD,20210917,5895.99,5912.01,5845.54,5874.56,0
SGCC,20210917,313.88,314.16,310.53,311.72,0
SGCR,20210917,170.06,172.42,168.75,169.3,0
SGDO,20210917,162.46,162.92,161.22,161.39,0
SGIA,20210917,180,180.69,177.39,177.8,0
SGIB,20210917,1744.44,1744.44,1717.79,1722.13,0
SGID,20210917,1761.32,1762.38,1739.11,1746.22,0
SGIF,20210917,300.81,301.12,296.09,297.31,0
SGIR,20210917,164.52,166.66,163.52,164.11,0
SGJ,20210917,248.93,249.23,245.28,246.83,0
SGK,20210917,410.74,411.35,405.67,407.87,0
SGLN,20210917,437.38,437.6,432.52,433.04,0
SGMA,20210917,269.19,272.68,267.56,268.52,0
SGON,20210917,496.25,497.67,492.48,492.99,0
SGP,20210917,2301.4,2317.83,2286.14,2290.54,0
SGPA,20210917,290.07,294.09,287.84,288.78,0
SGPG,20210917,198.25,198.5,195.75,196.85,0
SGPP,20210917,69.4,69.47,68.67,68.93,0
SGPR,20210917,60.84,60.91,60.07,60.41,0
SGPT,20210917,125.88,126,124.55,125.02,0
SGQA,20210917,904.7,905.71,890.44,899.11,0
SGQB,20210917,262.65,263.18,258.9,261.27,0
SGQC,20210917,246.69,247.19,243.16,245.39,0
SGQD,20210917,972.1,974.05,958.18,966.97,0
SGQE,20210917,213.43,215.24,212.29,212.71,0
SGQF,20210917,2007.14,2024.17,1996.39,2000.34,0
SGQG,20210917,520.17,521.14,515.37,516.94,0
SGQH,20210917,228.21,228.66,226.13,226.82,0
SGQI,20210917,2497.49,2502.39,2474.73,2482.21,0
SGQJ,20210917,229.58,229.84,225.96,228.16,0
SGRC,20210917,152.81,154.76,152.15,152.51,0
SGRE,20210917,112.46,113.89,111.97,112.24,0
SGRG,20210917,33.61,33.66,33.19,33.38,0
SGRM,20210917,187.33,187.36,185.29,185.43,0
SGRT,20210917,98.26,98.42,97.1,97.81,0
SGSA,20210917,1112.98,1129.39,1089.59,1090.67,0
SGSB,20210917,77.61,78.76,76.02,76.06,0
SGSC,20210917,730.19,740.95,715.16,715.55,0
SGSD,20210917,514.54,515.43,507.59,509.77,0
SGSE,20210917,243,243.22,240.41,241.33,0
SGSF,20210917,465.1,466,458.73,460.79,0
SGSG,20210917,5093.8,5103.62,5024.03,5046.63,0
SGSH,20210917,211.89,212.84,207.36,209.05,0
SGSJ,20210917,12.74,12.8,12.47,12.57,0
SGSK,20210917,119.95,120.49,117.39,118.34,0
SGSM,20210917,203.09,203.82,201.57,202.06,0
SGSN,20210917,2222.71,2230.71,2206.02,2211.43,0
SGSO,20210917,451.74,451.82,445.24,449.36,0
SGSP,20210917,1210.5,1210.73,1193.09,1204.13,0
SGSQ,20210917,3249.46,3250.08,3202.71,3232.35,0
SGSR,20210917,483.79,485.83,479.55,480.91,0
SGSS,20210917,8.44,8.47,8.36,8.38,0
SGST,20210917,92.44,92.83,91.63,91.89,0
SGSU,20210917,242.79,247.32,241.84,243.2,0
SGSV,20210917,73.83,75.22,73.54,73.95,0
SGSW,20210917,157.77,160.74,157.15,158.04,0
SGSX,20210917,472.92,474.55,469.31,470.46,0
SGT,20210917,2659.12,2661.74,2631.05,2641.04,0
SGTR,20210917,307.66,312,305.37,306.37,0
SGV,20210917,295.91,295.91,292.37,294.84,0
SGWT,20210917,197.54,198.55,196.3,196.7,0
SGX,20210917,542.57,543.07,536.8,538.85,0
SGY,20210917,485.15,493.2,482.16,484.39,0
SHTR,20210917,2333.69,2346.08,2327.88,2340.5,0
SIDO,20210917,2196.26,2202.81,2177.22,2178.89,0
SIFD,20210917,31.5,31.5,8.21,12.32,0
SIFI,20210917,35.61,35.61,26.02,26.02,0
SIIP,20210917,99.4,99.44,99.22,99.4,0
SIIS,20210917,105.04,105.08,104.85,105.04,0
SIIT,20210917,123.58,123.62,123.36,123.58,0
SIOF,20210917,42.46,42.46,34.24,35.61,0
SIOH,20210917,54.79,54.79,47.94,50.68,0
SIPR,20210917,1377.91,1392.29,1371.06,1379.12,0
SIRP,20210917,141.64,141.72,140.46,140.46,0
SITH,20210917,63.01,64.38,57.53,58.9,0
SITR,20210917,829.86,835.64,823.17,823.6,0
SITW,20210917,20.54,20.54,8.21,8.21,0
SIUT,20210917,5.11,5.22,5.11,5.21,0
SJPA,20210917,1936.72,1947.75,1932.32,1944.95,0
SJPB,20210917,2068.43,2083.17,2068.43,2080.67,0
SJPC,20210917,3560.75,3581.47,3552.19,3576.05,0
SJPD,20210917,1773.19,1782.82,1768.04,1780.15,0
SJRI,20210917,3321.25,3339.81,3308.77,3334.4,0
SJTR,20210917,3174.48,3175.23,3132.28,3143.9,0
SKFD,20210917,45.94,45.94,10.81,20.27,0
SKFI,20210917,52.7,52.7,44.59,47.29,0
SKOF,20210917,59.45,59.45,56.75,59.45,0
SKOH,20210917,67.56,67.56,63.51,66.21,0
SKTH,20210917,71.62,72.97,67.56,68.91,0
SKTR,20210917,929.94,930.88,912.9,915.57,0
SKTW,20210917,39.18,39.18,21.62,25.67,0
SLAC,20210917,5071.83,5072.2,4960.82,4986.92,0
SLCN,20210917,402.69,402.69,398.69,399.12,0
SLCT,20210917,570.15,570.15,564.49,565.1,0
SLCU,20210917,513.67,513.67,508.57,509.12,0
SLEE,20210917,145.06,145.28,144.05,144.6,0
SLER,20210917,63.8,63.9,63.35,63.6,0
SLEW,20210917,1640.22,1647.16,1629.49,1645.53,0
SLFD,20210917,61.53,65.38,38.46,46.15,0
SLFI,20210917,46.15,46.15,34.61,38.46,0
SLOF,20210917,38.46,38.46,34.61,38.46,0
SLOH,20210917,42.3,42.3,42.3,42.3,0
SLPE,20210917,1592.24,1600.12,1585.03,1585.03,0
SLPX,20210917,204.3,204.6,199.43,200.67,0
SLRT,20210917,71.36,71.46,70.86,71.13,0
SLTH,20210917,53.84,53.84,53.84,53.84,0
SLTW,20210917,50,50,30.76,38.46,0
SLUN,20210917,16998.88,16998.88,16649.6,16689.21,0
SLUT,20210917,19673.1,19797.91,19400.71,19430.83,0
SML,20210917,1330.43,1335.02,1319.1,1331.35,864430200
SMPR,20210917,1494.29,1507.07,1488.12,1495.73,0
SMRW,20210917,10032.14,10048.31,9907.95,9944.61,0
SMTI,20210917,1967.33,1984.22,1959.28,1969.3,0
SMTR,20210917,297.61,301.58,295.92,296.98,0
SNCH,20210917,160.91,161.32,159.86,160.2,0
SNCT,20210917,219.62,220.02,218.03,218.49,0
SNER,20210917,81.05,81.34,80.62,80.88,0
SNNE,20210917,3735.27,3762.03,3730.45,3730.45,0
SNNT,20210917,4964.88,5001.19,4943.65,4945.94,0
SNRE,20210917,2399.68,2401.07,2351.04,2357.22,0
SNRT,20210917,90.65,90.98,90.17,90.45,0
SNRU,20210917,2806.62,2806.62,2740.19,2748.81,0
SNTE,20210917,233.45,233.93,231.59,232.09,0
SNUI,20210917,159.34,159.91,158.5,159,0
SP500,20210917,4469.74,4471.52,4427.76,4432.99,3786002000
SPAA,20210917,80.78,81.23,80.19,80.39,0
SPAB,20210917,108.46,109.24,108.32,108.5,0
SPAC,20210917,60.92,61.26,60.47,60.62,0
SPAD,20210917,1289.22,1301.65,1251.91,1265.17,0
SPEE,20210917,228.53,229.53,227.89,227.91,0
SPER,20210917,1350.05,1363.07,1310.98,1324.87,0
SPEY,20210917,225.42,226.41,224.05,224.2,0
SPFD,20210917,28.12,46.87,18.75,31.25,0
SPFI,20210917,28.12,40.62,25,31.25,0
SPIN,20210917,246.03,252.65,246.03,247.89,0
SPIR,20210917,185.67,190.66,185.67,187.07,0
SPLR,20210917,670.06,688.09,670.06,675.13,0
SPOF,20210917,37.5,37.5,34.37,37.5,0
SPOH,20210917,40.62,50,40.62,50,0
SPPR,20210917,926.02,930.15,921.23,921.47,0
SPRT,20210917,2442.45,2466.01,2371.77,2396.9,0
SPTH,20210917,50,53.12,50,53.12,0
SPTW,20210917,25,40.62,21.87,28.12,0
SPUS,20210917,209.33,209.65,208.22,208.22,0
SPXT,20210917,9330.29,9332.97,9242.69,9253.57,0
SQTR,20210917,4515.66,4521.32,4461.56,4467.03,0
SRFI,20210917,625.7,628.59,621.23,622.64,575668900
SRIC,20210917,4750.18,4793.33,4729.96,4778.7,0
SRIE,20210917,5024.11,5075.42,5004,5067.18,0
SRMP,20210917,2635.96,2635.96,2605.33,2609.07,0
SRPR,20210917,212.25,212.65,210.23,210.48,0
SRTR,20210917,643.33,646.58,639.62,640.38,0
SRWI,20210917,11185.24,11200.57,11115.65,11124.01,0
SS1E,20210917,4318.69,4318.69,4215.85,4227.46,0
SS1J,20210917,1516.19,1531.81,1500.55,1504.12,0
SS2E,20210917,5239.52,5271.3,5205.16,5220.47,0
SS2J,20210917,5899.94,5899.94,5824.81,5832.94,0
SS3E,20210917,19319.12,19344.09,19215.74,19304.26,0
SS3J,20210917,5589.79,5589.79,5563.09,5565.78,0
SS4E,20210917,18421.29,18421.29,18125.82,18174.23,0
SS4J,20210917,5457.34,5492.33,5412.21,5422.88,0
SS5E,20210917,1698.25,1704.68,1675.79,1677.26,0
SS5J,20210917,1564.45,1568.8,1552.26,1559.47,0
SSAE,20210917,395.99,395.99,391.48,393.8,0
SSAI,20210917,669.59,669.65,661.99,665.88,0
SSAU,20210917,452.39,452.74,449.33,452,0
SSAX,20210917,6143.1,6215.52,6106.97,6204.92,0
SSBE,20210917,3193.91,3226.53,3181.13,3221.29,0
SSBR,20210917,3015.06,3048.32,3008.02,3039.01,0
SSCA,20210917,382.21,384.7,381.02,383.53,0
SSCB,20210917,286.61,288.21,286.4,286.54,0
SSCE,20210917,373.4,375.48,370.71,370.93,0
SSCH,20210917,643.47,652.05,639.87,649.7,0
SSCK,20210917,337.76,339.44,336.95,337.68,0
SSCL,20210917,248.21,248.46,242.18,243.07,0
SSCM,20210917,15160.04,15160.04,15011.03,15035.05,0
SSCP,20210917,252.78,253.22,252.01,252.69,0
SSCQ,20210917,569.97,570.2,563.57,564.51,0
SSCS,20210917,483.69,485.77,482.18,483.13,0
SSCU,20210917,480.44,484.58,474.47,475.29,0
SSCW,20210917,385.88,387.87,382.84,383.39,0
SSDI,20210917,14.96,14.98,14.96,14.98,0
SSEN,20210917,303.16,304.5,302.65,302.84,0
SSER,20210917,227.09,227.67,226.55,227.26,0
SSEW,20210917,450.45,452.7,447.57,448.47,0
SSFD,20210917,37.93,44.82,13.79,13.79,0
SSFI,20210917,51.72,58.62,37.93,37.93,0
SSGC,20210917,376.46,377.24,373.05,373.59,0
SSGD,20210917,5177.55,5203.59,5163.38,5170.54,0
SSGE,20210917,1662.5,1671.48,1641.82,1644.15,0
SSGF,20210917,1673.04,1677.34,1658.9,1660.79,0
SSGH,20210917,4869.01,4882.96,4849.06,4864.12,0
SSGI,20210917,9240.69,9256.62,9110.53,9123.94,0
SSGL,20210917,3415.14,3422.84,3383.97,3386.63,0
SSGM,20210917,3653.52,3653.52,3552.68,3559.34,0
SSGN,20210917,3685.41,3696.31,3646.24,3648.79,0
SSGO,20210917,407.03,407.59,399.6,403.93,0
SSGP,20210917,255.01,255.54,252.7,253.06,0
SSGR,20210917,461.2,462.19,457.07,457.72,0
SSGS,20210917,3472.98,3484.8,3452.6,3452.9,0
SSGT,20210917,1812.79,1817.57,1792.74,1797.52,0
SSGU,20210917,1869.75,1873.21,1841.67,1842.58,0
SSGX,20210917,387.67,388.2,380.6,384.72,0
SSGZ,20210917,701.39,702.36,688.5,696.06,0
SSHE,20210917,2117.43,2136.24,2092.47,2096.11,0
SSHJ,20210917,2417.17,2436.21,2414.21,2431.99,0
SSHX,20210917,4370.36,4370.36,4315.82,4321.65,0
SSIA,20210917,124.91,125.19,123.25,123.9,0
SSIB,20210917,36.36,36.43,35.87,36.05,0
SSIC,20210917,65.81,65.94,64.91,65.25,0
SSIP,20210917,121.18,121.23,120.9,121.16,0
SSIS,20210917,127.25,127.3,126.96,127.23,0
SSIT,20210917,150.65,150.72,150.31,150.63,0
SSLF,20210917,1429.54,1431.71,1422.9,1423.68,0
SSLS,20210917,222.82,223.41,222.23,222.98,0
SSMI,20210917,12116.64,12128.71,11929.61,11935.53,0
SSNI,20210917,308.63,311.04,305.57,310.99,0
SSOF,20210917,82.75,82.75,82.75,82.75,0
SSOH,20210917,89.65,93.1,89.65,89.65,0
SSPA,20210917,1791.3,1791.3,1763.14,1768.15,0
SSPE,20210917,1848.79,1865.18,1830.08,1833.16,0
SSPF,20210917,738.26,745.16,732.38,733.07,0
SSPI,20210917,3505.29,3541.9,3443.09,3457.57,0
SSPL,20210917,1682.24,1682.24,1655.3,1657.66,0
SSPN,20210917,10093.29,10096.38,9998.05,10010.75,0
SSPT,20210917,936.32,946.13,936.32,936.77,0
SSPU,20210917,1943.54,1962.22,1925.1,1928.07,0
SSRF,20210917,820.9,820.94,819.2,819.2,0
SSRW,20210917,12743.29,12801.84,12630.81,12757.66,0
SSTH,20210917,96.55,96.55,96.55,96.55,0
SSTU,20210917,496.05,497.93,489.5,489.92,0
SSTW,20210917,41.37,44.82,20.68,20.68,0
SSUC,20210917,398.94,399.75,395.21,395.92,0
SSUP,20210917,69.75,69.9,69.1,69.23,0
SSUT,20210917,126.21,126.48,125.04,125.27,0
SSWP,20210917,109.18,109.72,108.48,108.7,0
STCE,20210917,1443.17,1451.28,1437.27,1448.1,0
STCL,20210917,1423.59,1432.12,1413.24,1424.5,0
STFE,20210917,2262.03,2267.21,2243.35,2244.65,0
STFU,20210917,2231.56,2237.57,2206.03,2208.06,0
STI,20210917,3057.22,3071.23,3054.6,3071.23,0
STIC,20210917,1397.41,1397.41,1363.98,1392.77,0
STIF,20210917,2011.27,2025.54,2008.55,2008.55,0
STIL,20210917,1110.33,1112.33,1090.87,1102.14,0
STIR,20210917,2674.74,2692.61,2661.63,2662.86,0
STIS,20210917,1124.99,1141.51,1117.92,1141.51,0
STMP,20210917,198.7,199.04,195.35,195.79,0
STNC,20210917,752.91,752.91,750.21,752.11,10049300
STNU,20210917,795.67,798.88,795.11,795.19,10051200
STRA,20210917,204.46,204.46,202.65,202.82,0
STRB,20210917,148.23,148.23,147.49,147.56,0
STRC,20210917,173.69,173.69,172.48,172.59,0
STRD,20210917,140.83,140.83,140.26,140.32,0
STRL,20210917,5436.9,5437.17,5303.39,5325.22,0
STRN,20210917,8194.05,8196.4,8117.11,8126.66,0
STRS,20210917,87.94,88.84,87.94,88.74,0
STRT,20210917,431.56,433.57,430.34,430.62,0
STRU,20210917,1627.28,1634.13,1617.46,1618.25,0
STSI,20210917,377.66,384.55,376.98,380.53,0
STSU,20210917,1789.63,1799.88,1786.23,1797.04,0
STSY,20210917,1653.07,1666.24,1650.6,1663.16,0
STTR,20210917,3722.31,3722.31,3658.04,3667.35,0
SUCD,20210917,612.54,615.36,609.11,610.6,0
SUCS,20210917,545.78,546.22,542.79,542.91,0
SUEP,20210917,300.26,303.27,297.26,298.09,0
SUFD,20210917,17.85,17.85,3.57,3.57,0
SUFI,20210917,35.71,35.71,25,25,0
SUFP,20210917,280.53,281.92,278.62,279.26,0
SUHC,20210917,626.72,627.89,623.62,627.18,0
SUIP,20210917,536.07,536.07,529.6,530.45,0
SUJP,20210917,163.02,163.98,162.81,163.6,0
SUKP,20210917,1396.24,1408.61,1378.5,1383.35,0
SUKS,20210917,1172.6,1183.02,1154.29,1158.43,0
SUMI,20210917,476.39,476.39,465.18,466.59,0
SUNI,20210917,412.02,419.38,400.04,400.04,0
SUOF,20210917,53.57,53.57,21.42,21.42,0
SUOH,20210917,67.85,67.85,50,50,0
SUPI,20210917,434.45,435.66,427.16,427.57,0
SURI,20210917,385.26,385.84,380.43,381.06,0
SUTH,20210917,64.28,67.85,60.71,60.71,0
SUTP,20210917,398.49,398.49,391.86,392.51,0
SUTW,20210917,10.71,10.71,10.71,10.71,0
SVFD,20210917,53.84,55.38,32.3,47.69,0
SVFI,20210917,60,63.07,55.38,60,0
SVOF,20210917,64.61,66.15,64.61,64.61,0
SVOH,20210917,72.3,72.3,72.3,72.3,0
SVTH,20210917,75.38,76.92,75.38,76.92,0
SVTR,20210917,205.16,206.52,204.89,204.9,0
SVTW,20210917,36.92,43.07,27.69,35.38,0
SW0B,20210917,48.04,48.29,47.26,47.38,0
SW0C,20210917,103.01,103.01,100.39,100.57,0
SW0D,20210917,149.94,150.87,148.78,148.94,0
SW0E,20210917,159.77,161.07,159.31,159.61,0
SW0F,20210917,162.79,163.99,161.92,162.09,0
SW0G,20210917,216.98,218.82,215.9,216.24,0
SW0H,20210917,72.26,72.58,71.62,71.67,0
SW0I,20210917,274.64,276.98,273.15,274.14,0
SW1A,20210917,63.94,64.24,63.25,63.32,0
SW1B,20210917,556.55,558.72,553.62,554.16,0
SW1C,20210917,362.81,363.93,360.43,360.43,0
SW1J,20210917,100.92,101.59,100.67,100.96,0
SWFI,20210917,1524.13,1533.76,1514.51,1517.44,0
SWIB,20210917,3635.4,3671.55,3617.14,3617.14,0
SWIT,20210917,4221.9,4256.38,4187.87,4190.67,0
SXTR,20210917,980.51,986.84,967.82,968.67,0
SYFD,20210917,76.19,76.19,50.79,57.14,0
SYFI,20210917,52.38,52.38,44.44,44.44,0
SYOF,20210917,55.55,58.73,52.38,55.55,0
SYOH,20210917,60.31,61.9,55.55,55.55,0
SYTH,20210917,71.42,71.42,65.07,66.66,0
SYTR,20210917,1549.85,1551.78,1525,1527.62,0
SYTW,20210917,53.96,53.96,36.5,38.09,0
SZTR,20210917,5333.63,5360.98,5305.09,5310.77,0
TACK,20210917,9956,10304,9447,9932,0
TACX,20210917,-44,304,-553,-68,0
TICK,20210917,9963,10750,9143,10318,0
TICX,20210917,-37,750,-857,318,0
TOOC,20210917,23701.8,23817.41,23691.63,23739.59,506942200
TQCK,20210917,9961,10678,9197,10489,0
TQCX,20210917,-39,678,-803,489,0
TRIA,20210917,0.81,5.22,0.25,0.7,0
TRIN,20210917,1.59,52277.68,0.73,1.11,0
TRIQ,20210917,0.81,1.2,0.45,0.91,0
TTCD,20210917,262.59,264.35,262.59,263.86,15209600
TTCS,20210917,722.49,726.25,713.62,714.17,13755800
TTEN,20210917,131.01,132.24,130.02,130.21,71849300
TTFS,20210917,377.04,379.25,374.88,375.47,77372700
TTGD,20210917,272.92,274.87,270.65,274.05,130037300
TTHC,20210917,59.66,60.34,59.5,60.26,12802300
TTIN,20210917,374.3,377.48,374.3,375.28,37707500
TTMT,20210917,304.65,306.47,303.19,305.61,105323900
TTRE,20210917,379.58,381.06,378.41,379.43,32476700
TTTK,20210917,238.5,240.73,238.5,240.09,20876100
TTTS,20210917,191.33,192.2,191.33,191.87,18820800
TTUT,20210917,337.48,338.55,336.34,338.02,27378300
TWII,20210917,17279.29,17408.71,17235.45,17276.79,0
TXBE,20210917,229.57,229.57,223.74,224.57,112594000
TXBM,20210917,163.85,163.85,160.2,161.18,122726800
TXCT,20210917,224.31,226.53,223.51,226.46,10946200
TXCX,20210917,20457.75,20557.53,20448.96,20490.36,506942200
TXDC,20210917,154.91,155.74,154.69,154.88,418382300
TXDE,20210917,411.1,413.48,408.5,408.66,40196800
TXDV,20210917,322.16,323.1,321.14,321.49,203846500
TXEI,20210917,123.92,124.58,123.79,123.97,213899900
TXEW,20210917,194.87,195.94,194.49,194.72,297840500
TXFO,20210917,1244.24,1245.85,1238.11,1241.69,209101700
TXGM,20210917,97.24,97.24,96,96.75,348642900
TXOE,20210917,183.89,185.32,183.3,183.59,100601900
TXPR,20210917,690.59,690.59,690.23,690.23,1184400
TXSC,20210917,142.75,142.81,141.81,141.95,0
TXSI,20210917,199.93,201.78,199.93,201.68,70215700
TXSX,20210917,1222.13,1228.94,1222.13,1224.44,297840500
TXTW,20210917,768.27,769.13,761.05,764.17,158457800
UNCA,20210917,16,16,2,7,3696300
UNCC,20210917,61,153,61,149,22694400
UNCE,20210917,57,57,20,54,6804900
UNCN,20210917,98,98,37,52,44735600
UNCQ,20210917,194,194,90,114,64223800
UNCS,20210917,113,185,113,185,43044100
UNCT,20210917,308,308,136,173,112655800
UNCU,20210917,248,593,248,592,5185245000
UNCV,20210917,157,334,157,333,31638600
UNCX,20210917,331,671,331,667,97377100
UOI,20210917,50.63,50.63,49.81,50.25,0
UTY,20210917,872.14,878.47,861.04,861.87,0
UVCA,20210917,1.15,6.67,0.05,3.69,0
UVCC,20210917,1.81,23.54,1.81,22.69,0
UVCE,20210917,0.55,20.43,0.35,6.8,0
UVCN,20210917,9.69,56.64,3.85,44.73,0
UVCQ,20210917,5.82,64.53,4.63,64.22,0
UVCS,20210917,1.73,43.05,1.73,43.04,0
UVCT,20210917,16.67,112.65,10.91,112.65,0
UVCU,20210917,222.36,5185.24,222.36,5185.24,0
UVCV,20210917,4.72,31.63,4.72,31.63,0
UVCX,20210917,8.26,98.22,8.26,97.37,0
VLA,20210917,9545.95,9554.26,9464.7,9502.85,0
VLG,20210917,657.1,657.64,651.42,654.03,0
XAU,20210917,124.24,124.24,122.54,123.7,0
XAX,20210917,3075,3080.4,3002.68,3008.45,0
XDS,20210917,107.82,107.84,107.23,107.27,0
XOI,20210917,1028.27,1036.86,1018.31,1022.55,0
Y0FD,20210917,36.96,36.96,26.58,30.88,0
Y0FI,20210917,34.93,34.93,31.64,33.67,0
Y0OF,20210917,31.89,32.15,29.87,31.89,0
Y0OH,20210917,34.43,34.68,33.16,33.92,0
Y0TH,20210917,40.5,41.01,38.48,39.74,0
Y0TW,20210917,41.26,41.26,33.67,37.21,0
Y1FD,20210917,50,70.83,41.66,50,0
Y1FI,20210917,50,62.5,50,62.5,0
Y1OF,20210917,83.33,83.33,79.16,83.33,0
Y1OH,20210917,91.66,91.66,83.33,87.5,0
Y1TH,20210917,95.83,95.83,91.66,91.66,0
Y1TW,20210917,50,62.5,50,50,0
Y2FD,20210917,55,80,50,55,0
Y2FI,20210917,55,65,55,65,0
Y2OF,20210917,90,90,85,90,0
Y2OH,20210917,95,95,95,95,0
Y2TH,20210917,100,100,95,95,0
Y2TW,20210917,55,75,55,60,0
Y3FD,20210917,44.33,45,39,39.33,0
Y3FI,20210917,60,61,57.66,59,0
Y3OF,20210917,77,77,72.66,72.66,0
Y3OH,20210917,88,88.33,86.66,86.66,0
Y3TH,20210917,90.66,91,90,90,0
Y3TW,20210917,41.66,43.33,39.66,40.66,0
Y5FD,20210917,34.06,37.11,28.82,31,0
Y5FI,20210917,54.14,54.14,50.65,51.96,0
Y5OF,20210917,59.38,59.38,55.89,56.33,0
Y5OH,20210917,64.19,64.62,62.44,62.88,0
Y5TH,20210917,69.86,69.86,68.12,68.55,0
Y5TW,20210917,42.35,42.35,38.86,39.3,0
Y6FD,20210917,38.46,38.46,15.38,30.76,0
Y6FI,20210917,46.15,46.15,46.15,46.15,0
Y6OF,20210917,46.15,46.15,38.46,38.46,0
Y6OH,20210917,61.53,61.53,61.53,61.53,0
Y6TH,20210917,61.53,61.53,61.53,61.53,0
Y6TW,20210917,38.46,38.46,38.46,38.46,0
Y7FD,20210917,38.46,46.15,23.07,38.46,0
Y7FI,20210917,38.46,38.46,38.46,38.46,0
Y7OF,20210917,61.53,61.53,53.84,53.84,0
Y7OH,20210917,61.53,61.53,61.53,61.53,0
Y7TH,20210917,61.53,61.53,61.53,61.53,0
Y7TW,20210917,15.38,23.07,15.38,15.38,0
Y8FD,20210917,53.84,53.84,38.46,38.46,0
Y8FI,20210917,92.3,92.3,84.61,84.61,0
Y8OF,20210917,76.92,84.61,61.53,61.53,0
Y8OH,20210917,84.61,84.61,76.92,76.92,0
Y8TH,20210917,92.3,92.3,84.61,84.61,0
Y8TW,20210917,100,100,100,100,0
Y9FD,20210917,53.57,57.14,17.85,25,0
Y9FI,20210917,78.57,78.57,60.71,60.71,0
Y9OF,20210917,78.57,78.57,71.42,71.42,0
Y9OH,20210917,78.57,78.57,75,75,0
Y9TH,20210917,96.42,96.42,92.85,92.85,0
Y9TW,20210917,57.14,57.14,28.57,32.14,0
YAFD,20210917,1.92,11.53,1.92,11.53,0
YAFI,20210917,19.23,23.07,17.3,21.15,0
YAOF,20210917,11.53,15.38,9.61,15.38,0
YAOH,20210917,17.3,17.3,15.38,15.38,0
YATH,20210917,19.23,19.23,17.3,19.23,0
YATW,20210917,17.3,26.92,15.38,26.92,0
YBFD,20210917,33.33,44.44,11.11,44.44,0
YBFI,20210917,11.11,11.11,11.11,11.11,0
YBOF,20210917,22.22,22.22,22.22,22.22,0
YBOH,20210917,33.33,33.33,22.22,33.33,0
YBTH,20210917,44.44,44.44,44.44,44.44,0
YBTW,20210917,11.11,11.11,11.11,11.11,0
YCFD,20210917,36.66,43.33,26.66,36.66,0
YCFI,20210917,70,73.33,63.33,66.66,0
YCOF,20210917,73.33,73.33,66.66,66.66,0
YCOH,20210917,80,80,73.33,73.33,0
YCTH,20210917,83.33,83.33,80,83.33,0
YCTW,20210917,53.33,53.33,30,40,0
YDFD,20210917,11.32,16.98,7.54,16.98,0
YDFI,20210917,32.07,32.07,28.3,32.07,0
YDOF,20210917,18.86,22.64,18.86,22.64,0
YDOH,20210917,28.3,30.18,28.3,30.18,0
YDTH,20210917,33.96,35.84,32.07,33.96,0
YDTW,20210917,22.64,30.18,22.64,30.18,0
YEFD,20210917,48,72,44,52,0
YEFI,20210917,60,68,60,68,0
YEOF,20210917,88,88,84,88,0
YEOH,20210917,92,92,92,92,0
YETH,20210917,96,96,92,92,0
YETW,20210917,52,68,52,56,0
YFFD,20210917,47.36,73.68,42.1,47.36,0
YFFI,20210917,68.42,68.42,57.89,57.89,0
YFOF,20210917,78.94,78.94,78.94,78.94,0
YFOH,20210917,84.21,84.21,73.68,73.68,0
YFTH,20210917,84.21,84.21,84.21,84.21,0
YFTW,20210917,42.1,52.63,42.1,42.1,0
YGFD,20210917,0.01,28.57,0.01,0.01,0
YGFI,20210917,28.57,28.57,28.57,28.57,0
YGOF,20210917,42.85,42.85,28.57,28.57,0
YGOH,20210917,42.85,57.14,42.85,42.85,0
YGTH,20210917,71.42,71.42,71.42,71.42,0
YGTW,20210917,0.01,0.01,0.01,0.01,0
YHFD,20210917,43.75,50,25,31.25,0
YHFI,20210917,43.75,56.25,31.25,50,0
YHOF,20210917,75,75,75,75,0
YHOH,20210917,62.5,68.75,56.25,68.75,0
YHTH,20210917,56.25,56.25,56.25,56.25,0
YHTW,20210917,43.75,43.75,37.5,37.5,0
YIFD,20210917,42.85,42.85,30.61,36.73,0
YIFI,20210917,53.06,53.06,48.97,51.02,0
YIOF,20210917,65.3,65.3,55.1,55.1,0
YIOH,20210917,67.34,67.34,63.26,65.3,0
YITH,20210917,77.55,77.55,75.51,75.51,0
YITW,20210917,46.93,48.97,38.77,46.93,0
YJFD,20210917,12.9,12.9,3.22,9.67,0
YJFI,20210917,32.25,35.48,29.03,32.25,0
YJOF,20210917,22.58,22.58,19.35,19.35,0
YJOH,20210917,38.7,38.7,32.25,35.48,0
YJTH,20210917,48.38,48.38,35.48,38.7,0
YJTW,20210917,29.03,29.03,25.8,25.8,0
YKFD,20210917,12.12,12.12,3.03,9.09,0
YKFI,20210917,36.36,39.39,33.33,36.36,0
YKOF,20210917,30.3,30.3,27.27,27.27,0
YKOH,20210917,42.42,42.42,36.36,39.39,0
YKTH,20210917,54.54,54.54,42.42,45.45,0
YKTW,20210917,36.36,36.36,30.3,30.3,0
YLFD,20210917,34.06,37.11,28.82,31,0
YLFI,20210917,54.14,54.14,50.65,51.96,0
YLOF,20210917,59.38,59.38,55.89,56.33,0
YLOH,20210917,64.19,64.62,62.44,62.88,0
YLTH,20210917,69.86,69.86,68.12,68.55,0
YLTW,20210917,42.35,42.35,38.86,39.3,0
YMFD,20210917,35,55,35,55,0
YMFI,20210917,30,40,30,40,0
YMOF,20210917,40,40,35,40,0
YMOH,20210917,10,25,10,25,0
YMTH,20210917,20,25,15,25,0
YMTW,20210917,25,30,25,25,0
YNFD,20210917,34.06,37.11,28.82,31,0
YNFI,20210917,54.14,54.14,50.65,51.96,0
YNOF,20210917,59.38,59.38,55.89,56.33,0
YNOH,20210917,64.19,64.62,62.44,62.88,0
YNTH,20210917,69.86,69.86,68.12,68.55,0
YNTW,20210917,42.35,42.35,38.86,39.3,0
YOFD,20210917,34.88,38.37,28.48,29.65,0
YOFI,20210917,58.13,58.13,54.65,55.81,0
YOOF,20210917,67.44,67.44,62.2,62.79,0
YOOH,20210917,70.34,70.93,68.6,69.18,0
YOTH,20210917,76.74,76.74,74.41,75.58,0
YOTW,20210917,44.76,44.76,40.69,40.69,0
YPFD,20210917,85.71,85.71,0.01,14.28,0
YPFI,20210917,57.14,57.14,42.85,42.85,0
YPOF,20210917,57.14,57.14,57.14,57.14,0
YPOH,20210917,71.42,71.42,57.14,57.14,0
YPTH,20210917,100,100,100,100,0
YPTW,20210917,42.85,42.85,0.01,0.01,0
YQFD,20210917,40.69,40.69,25.58,27.9,0
YQFI,20210917,63.95,63.95,54.65,56.97,0
YQOF,20210917,68.6,68.6,61.62,62.79,0
YQOH,20210917,70.93,72.09,69.76,72.09,0
YQTH,20210917,77.9,77.9,74.41,76.74,0
YQTW,20210917,45.34,45.34,33.72,34.88,0
YRFD,20210917,45.33,45.33,28,32,0
YRFI,20210917,60,60,54.66,57.33,0
YROF,20210917,68,68,62.66,62.66,0
YROH,20210917,76,76,72,73.33,0
YRTH,20210917,82.66,82.66,80,80,0
YRTW,20210917,50.66,50.66,42.66,42.66,0
YSFD,20210917,26.66,26.66,10,13.33,0
YSFI,20210917,56.66,56.66,46.66,48.33,0
YSOF,20210917,68.33,68.33,60,60,0
YSOH,20210917,71.66,71.66,68.33,68.33,0
YSTH,20210917,75,75,75,75,0
YSTW,20210917,35,35,26.66,26.66,0
YTFD,20210917,36.68,42.01,32.54,37.27,0
YTFI,20210917,53.25,55.02,52.07,53.25,0
YTOF,20210917,56.21,56.21,54.43,55.02,0
YTOH,20210917,61.53,62.13,60.35,60.94,0
YTTH,20210917,68.04,68.04,65.68,66.27,0
YTTW,20210917,44.97,45.56,40.82,43.78,0
YUFD,20210917,0.01,10.52,0.01,10.52,0
YUFI,20210917,15.78,21.05,15.78,21.05,0
YUOF,20210917,7.89,13.15,5.26,13.15,0
YUOH,20210917,13.15,13.15,13.15,13.15,0
YUTH,20210917,15.78,15.78,15.78,15.78,0
YUTW,20210917,10.52,23.68,10.52,23.68,0
YVFD,20210917,7.61,8.57,1.9,8.57,0
YVFI,20210917,27.61,30.47,25.71,28.57,0
YVOF,20210917,22.85,24.76,20.95,23.8,0
YVOH,20210917,30.47,30.47,27.61,28.57,0
YVTH,20210917,35.23,35.23,31.42,32.38,0
YVTW,20210917,26.66,30.47,23.8,30.47,0
YWFD,20210917,36,38,24,38,0
YWFI,20210917,56,60,54,56,0
YWOF,20210917,48,50,44,46,0
YWOH,20210917,56,56,54,54,0
YWTH,20210917,60,62,58,58,0
YWTW,20210917,52,54,52,54,0
YXFD,20210917,53.33,60,40,53.33,0
YXFI,20210917,80,80,73.33,73.33,0
YXOF,20210917,73.33,80,66.66,66.66,0
YXOH,20210917,86.66,86.66,80,80,0
YXTH,20210917,86.66,86.66,86.66,86.66,0
YXTW,20210917,86.66,86.66,86.66,86.66,0
YYFD,20210917,36.66,43.33,26.66,36.66,0
YYFI,20210917,70,73.33,63.33,66.66,0
YYOF,20210917,73.33,73.33,66.66,66.66,0
YYOH,20210917,80,80,73.33,73.33,0
YYTH,20210917,83.33,83.33,80,83.33,0
YYTW,20210917,53.33,53.33,30,40,0
YZFD,20210917,36,36,22,24,0
YZFI,20210917,64,64,56,64,0
YZOF,20210917,84,84,78,78,0
YZOH,20210917,86,86,82,84,0
YZTH,20210917,88,88,88,88,0
YZTW,20210917,34,34,24,24,0
Z0FD,20210917,25,50,12.5,37.5,0
Z0FI,20210917,75,75,75,75,0
Z0OF,20210917,75,75,75,75,0
Z0OH,20210917,87.5,87.5,87.5,87.5,0
Z0TH,20210917,87.5,87.5,87.5,87.5,0
Z0TW,20210917,87.5,87.5,87.5,87.5,0
Z1FD,20210917,40.25,41.1,36.86,37.71,0
Z1FI,20210917,61.01,63.98,59.32,62.28,0
Z1OF,20210917,80.08,80.08,75.42,75.42,0
Z1OH,20210917,91.1,91.1,89.83,90.25,0
Z1TH,20210917,94.49,94.49,94.06,94.49,0
Z1TW,20210917,38.13,41.94,36.86,40.25,0
Z2FD,20210917,26.66,26.66,10,13.33,0
Z2FI,20210917,56.66,56.66,46.66,48.33,0
Z2OF,20210917,68.33,68.33,60,60,0
Z2OH,20210917,71.66,71.66,68.33,68.33,0
Z2TH,20210917,75,75,75,75,0
Z2TW,20210917,35,35,26.66,26.66,0
Z3FD,20210917,26.66,26.66,10,13.33,0
Z3FI,20210917,56.66,56.66,46.66,48.33,0
Z3OF,20210917,68.33,68.33,60,60,0
Z3OH,20210917,71.66,71.66,68.33,68.33,0
Z3TH,20210917,75,75,75,75,0
Z3TW,20210917,35,35,26.66,26.66,0
Z5FD,20210917,44.05,44.05,32.15,44.05,0
Z5FI,20210917,45.81,46.69,42.73,46.25,0
Z5OF,20210917,44.93,46.25,43.61,45.37,0
Z5OH,20210917,52.86,52.86,48.89,51.54,0
Z5TH,20210917,59.47,60.35,57.7,60.35,0
Z5TW,20210917,46.69,48.01,40.96,48.01,0
Z6FD,20210917,51.76,51.76,37.64,47.05,0
Z6FI,20210917,45.88,47.05,40,44.7,0
Z6OF,20210917,52.94,52.94,49.41,51.76,0
Z6OH,20210917,65.88,65.88,61.17,63.52,0
Z6TH,20210917,70.58,72.94,68.23,72.94,0
Z6TW,20210917,43.52,44.7,38.82,42.35,0
Z7FD,20210917,47.82,56.52,13.04,43.47,0
Z7FI,20210917,8.69,13.04,8.69,13.04,0
Z7OF,20210917,8.69,8.69,8.69,8.69,0
Z7OH,20210917,4.34,4.34,4.34,4.34,0
Z7TH,20210917,8.69,13.04,8.69,13.04,0
Z7TW,20210917,17.39,17.39,4.34,13.04,0
Z8FD,20210917,46.66,46.66,0.01,40,0
Z8FI,20210917,0.01,6.66,0.01,6.66,0
Z8OF,20210917,6.66,6.66,6.66,6.66,0
Z8OH,20210917,6.66,6.66,6.66,6.66,0
Z8TH,20210917,6.66,13.33,6.66,13.33,0
Z8TW,20210917,20,20,6.66,13.33,0
Z9FD,20210917,60,60,20,40,0
Z9FI,20210917,60,60,50,50,0
Z9OF,20210917,70,70,70,70,0
Z9OH,20210917,70,70,70,70,0
Z9TH,20210917,90,90,90,90,0
Z9TW,20210917,50,50,30,30,0
ZAFD,20210917,60,60,20,30,0
ZAFI,20210917,70,70,60,60,0
ZAOF,20210917,80,80,80,80,0
ZAOH,20210917,80,80,80,80,0
ZATH,20210917,100,100,100,100,0
ZATW,20210917,40,40,20,20,0
ZBFD,20210917,50,50,10,40,0
ZBFI,20210917,70,70,50,50,0
ZBOF,20210917,80,80,70,70,0
ZBOH,20210917,70,70,70,70,0
ZBTH,20210917,80,80,80,80,0
ZBTW,20210917,50,50,30,30,0
ZCFD,20210917,60,60,20,30,0
ZCFI,20210917,70,70,60,60,0
ZCOF,20210917,80,80,80,80,0
ZCOH,20210917,80,80,80,80,0
ZCTH,20210917,100,100,100,100,0
ZCTW,20210917,40,40,20,20,0
